1000 2496
195 606 888
849 955
116
25 94 408 829
86 213 308 351 610 663 777 999
227 230 514 812
98 295 298 362 391 746
129 336 477 513 590 708
39 266 414 545 789 853
266 386 439 459 547 599 789 955
166 460 636 756 790
220 308 328 755 757
577 655
163 385 485 740 827 944
124 227
239 338 643 982 986
137 168
326 528 692
130 245 417 557 602 670 707 883
345 571 761 764 948 956
198 330 495 696 703 994
66 120 297 351 411
46 142 160 285 573 719
43 99 141 209 729 954
4 105 222 312 803 900
64 75 227 359 701
928 930
338 639 804
835 964
34 119 143 162 260 468 617 973 989
367 728 958
241 277 278 367
44 118 120 217 274 520 958 965
30 212 251 283 486 595 759
41 402 846 952
175 227 408 623 757 798 851 976
169 258 308 321 672 747 894
196 255 676
9 166 267 285 332 466 564 683 820
53 204 323 476 583 857 872 909 997
35 73 275
79 642 779
24 774 781 800
33 291 299 915
221 515 709 738 744 872
23 390 505 701 769 856 881
165 653 887
491 680
172 553 597 790 978
353 539 632
214 226 243 309 377 608 672 809 810 975
340 347
40 139 195 640
154 345 532 836 897 956 961
623
59 349 440 740 760 776
114 227 450 524 708
376 564 579 663 689
56
485 509 548 854
214 343 542 581
143 520 529 550 770 844
202 734 963 970
26 152 154 299 508
75 201 208 549 610 988
22 467 494 633 636 739 786 958
336 365 370 598 792 895 911 987
92 647 968
873 998
92 376 819 910 988
136 170 175 333 381 422 785
146 366 397 415 500 988
41 134 310 640
116 161 231 540 960
26 65 202 538 571 631 761 840 875 943 946
117 151 520 574 602 914
153 492 496
387 402 446 559 604 648 719 901
42 251 558 894
518 884
332 386 673 807 921 976 979
246 490 580 687 905 923 959
142 168 260 325 802
91 220 246 737 919 945
318 329 532 652 852
5 232 301 337 499 693 883
123 319
197 346 588 843 921
959
106 337 494
84 227 286 314 355 920 922
68 70 185 350 379 931
393 502 885
4 668 846
336 417 507 608 749 840 927
99 610
812 994
7 105 787
24 96 345 402 820 850 888 989
274 552
590
309 387 417 562 772 906
430 597 653 814 934
121 167 449 773
25 98 361 533 951
90 119 202 361 624 768 960
123 137 632 636 716
280 634 638 792 840
127 353 441 892 928
157 399 531 628
299 411 516 680
241 249 450 523 582 879 882
202 351 410 808
57 316 352 430 480 648 751
286 549 958
3 74 545 566 760 848 879 902 903 990
76 164 407 432 460 468 528 598 924 979
33 764
30 106 288 347 454 537 717 818 871
22 33 356 471 516 536 728
104 426 518 810 952
460
87 107 208 319 555 619 661 884 992
15 210 347 365 442 880
573 641 667 915
261 434 542 718 755 771 932
109 726 897
210 256 789
8 471 777 815 990
19 376 391 500 634 816 912
178 203 310 713
718 732 891 981
181 198 226 401 621 688 740
73 153 180 456 462 504
212 219 723 835
71 179 209 335 576 652 740
17 107 148 221 320 883 924 990
651 674 758
53 167 276 589 773 935
183 373 541 551 567 745 752 884 980
24 343 743
23 83 143 247 739 891
30 62 142 146 178 645 963 991
248 453 470 575
463 643 648 826
72 143 719 936
287 571 577 991
137 511 517 915
248 344 759
756 837 843 961
76 327 354 613 652 663 697 855 903
64 205 267 402 411 491 540 752 838 932
77 134 560
54 64 293 323 884
620 962
392 446 945
110 336 479 668 736 778
263 474 576 763 792 804 891 965
453 478 902
23 198 454 761 829
74 393 615 849
30 375 387 389 456 937
14 467 604 646 908 979
117 454 623
47 248 657 765 985 993
11 39 346 464 572 704 710 767
104 139 764 930
17 83 192 420 744 886
37 411 461 621 628
71 401 563 716 925
269 291 440 745
49 245 320 417 468 559
272 476 723
600 944
36 71 303 475 696 956
474 703 839
405 406 429 508 592 847 955
131 143 533
136 223 314 552 921 999
134 318 412 434
133 912 927 998
333 530 837 1000
140 329 716 754 970
260 836 991
92 390 850

210 241 455 654 951 979
219 380 388 411 504 573 815 965
241 384 604 607 692 800
249 292 495 655 692 771
213 245
168 222 262 268 452 809 817
489 524 562
539 615 652 696 900 950 988
1 53 230 294 739
38 520 578 641 768 831 837 948
88 200 206 350
21 133 160 428 454 854
296 324 460 521 691 900
197 289 350 488 541 903
65 339 432 467 570 819 914 957
63 75 106 113 348 445 650 653 739 770 794
131 221 613
40 230 460 582 593
152 800 837 873
197 294 395 453 458 633 905
995
65 123 484 634 706 760
24 136 246 372 414 497 631 645 986
124 128 187 232 334 566 697 755 839 868
453
34 135 226 530 674
5 191 426 506 529 588 670 844
51 61 400 455
354 367 460 616 747 794 994
455 602 616 747 756 836 880
33 250
395 572
135 188 485 818
12 84 617 632 677
45 137 203 283 310 392
25 192 251 334 511 842 968
179 407 666 890 894
332 340 342 397 459 963
682 761 830 858 943
51 133 212 383
6 15 26 36 57 91 532 744 883 897
983
319 395 439 548 557 563
6 195 204 245 274 663 854 968
74 260 338
86 210 332 474 937 991
377 657
468 514 609 762 822 840
405 425 457 508 920
390 538 643
254 325 366 415 434 619
399 822 881
16 502 757 897
275 295 309 412 613
32 112 187 189 421 680 719 789 879
349 402 546 743 839 923
51 518 761 936
280 292 607
19 172 191 230 293 664 671 948
82 84 209 281 406 419 783
142 837
144 149 165 387
112 190 442 448 571 833
217 703
34 79 222 356 401 606 730 737 896 956
472 576 613 626
942 979
237 314 759
38 309 486 539 540 821
128
358 381 415 508 735
37 857
416 867
30 83 184 231 561 871
126 328 549 764 861
192 353 413 427 470
158 396 406 550 588
347 673 962
316 523 609 614
9 10 314 454 816
39 152 772 816 836
192 308 505 843
171 819
302 320 547 557 617 740
346 566 700 938 992
173 339 443 842 879

33 100 230 408 541 553 708 832
41 240 479 485 812 910
139 324 460 917 926
32 799 865 940 954
32 754 938
775 838
108 244 722
246 385 582 953
314 531 722 791
34 221
347
23 39 704
91 115
147 541 576
119 517 725
200 361 470 606 689 700 823 902
501 604 844
44 171 293 645 808
190 244 512 942
154 245 291 355 375 519 667 675 768 889
195 206 299 506 587 791 878 927
7 240 505 582 901
199 414 587 693 804
22 598 778 903
7 299 336 483 601 615 664 859
44 64 111 294 298 854
756 790
86 549 567
270 332
175 313 361 563

321 385 452 650 940 978
311 376 423 778 844 869 878
617 694
5 12 37 268 709 809
51 102 240 255 318 786
73 131 221 474 475 807 953
306 432 460 847 977
25 393
303 353 474 602 818 874
91 179 254 266 282 493 573 964
352 437 699 705 795 812 849 900
114 265 647 677 925
351 529 605 639 748 809 966
85 180 309 346 432 535 596 689 846 852
87 123 229 639
137 172 270 513 765
37 305 368 698
1000
40 154 371 431 573
199 276 397 777
83 237 359 398 481 530 619 834
18 336 504 648 787 895
151 567
12 261 332 405 464 530 987
85 183 665 777
21 393 456 500 530 545 616 880 953
408 914
39 81 224 232 302 328 672 861
71 182 489 934
210 222 442 735
136 707 914 920
8 67 95 157 298 326 448 462 812 914
86 90 471 670
16 28 231 341 658 992
201 272 509 708
52 224 386 445 591 612 819
338 423
224 848
61 141
149 400 440 478 692 696
20 54 99 449 858
88 166 271 318 586 739 910
52 119 124 264 284 565 878
202 543 724 874
56 242 586 635 792
92 197 200 357 493 905
5 22 113 317 710 764 766 860
114 315 537 559 594 784 831
50 109 262 313 372 392 535 759 807
151 215 479 595
91 293 377 956
120 251 471 615 684
350 986
257 668 849
26 325 405 946 961
799 813 930
105 106 289 303 437 529 643
7 447 453 598 694 934
512 519 534 875 907
424 441 621
67 124 456 745
72 237 393 430 596 746 837
31 32 215 824 951
321 570 629 881

67 387 572 712
323 379 407 463 522 995
209 353 396
140 497 522 569 590 640 676 877
396 675 770 822 866 933
162 293 776 790 913
58 70 130 306 533 948
51 233 355 634 873
509 649 715 745
92 371
188 436 599 950
71 257 493 697 711 802
628 653
226 466 653 816 854
189 633 854
14 281 305 777 905
10 81 340 637 854 992
78 102 162 248 370 441 501 719 987
188 749 933 992
162 478 771 929
46 185 236 561 694
7 130 641 658 710
156 221 353 488 567 635 728 735 832 934
93 161 312 330 366
672
206 218 229
263 372 374 998
72 224 324
325 577 676
110 238 500 504 650 892 938
214 344 518 575
133 170 251 524 574 659 996
35 78 99 152 242 413 467 596 733
419 478 681 728
477 499 650 798
177 235 328 359 853
177 246 263 843
117 223 371 533 916 936
4 36 274 331 972
427 792 849
113 858 921 936
22 111 152 169 188 664 757 759 879 972
180 240 417 851 874
262 402 435 718 945
9 209 296 709 915 957
72 237 257 823 987
259 510 991
19 95 102 172 412 428 796
778 933 974
246 403 632 829 914 923
168 580 600 811 906
241 519 554
71 427 832
306 341 898
364 552 554
235 441 470 549 617 705 739 836
121 213 825 847
262 409 422 615 656
198 417 480 577 679 903
177 622 639
103 114 366 975
323 501 653 805 806 899
117 201 311 318 532
462 594 813 883
126 180 237 438 610 747 748 916
413 697 750
380 469 619 841
315 361 505 620 764 809 973
434 636 841
10 229 567 708 865
56 171 344 984
109 364 387 425 669 874
124 249 334 457 739 760 897 901
272 567 592 748 966
654 727 845
202 340
78 156 828 913
362 548 615
249 336 468
104 345 510 543 753 798 877
57 112 761
587
192 305 536 765 924
144 159 206 211 362 458 506 534 550 601 713
119 160 164 198 266
187 214 216 728 749 767 802 870 878 966
134 162 330 365 458 544 785 985
235 442 530
206 453 456 722 931
10 224 480 834
11 117 122 199 204 215 276 311 703 929
169
134 336 433 646
145 371 625 643
166 328 512 572 574 717 835 860
603 738 876
39 383 866
66 163 201 402 506 608 630 642 798 936
30 117 172 234 448 988
436 578 707
144 262 289 425 720
120 129 337 356 700 770 811 916
252 635 714 908
490 538 622 963
158 176 232 310 313 565 642
175 310 687
40 173 617 977
8 404 554
159 344 389 403 617 636 975
157 275 354 595 806 980
114 428 459
325 668 726
532
298 735
208 507
14 60 219 275 863 992
34 255 562 663 706 783 916
833 911
200 392 562 584 749
193 333 929 994 997
82 473 634 675 722
48 152 580
77 555 632 775 916
314 350 381 601 700 724
66 90 778 864 921 985
21 190 653 749 915 968
77 799
209 373 573 724 789 949
808 829
86 404 601 740 817 828
72 130 330 399 868 972
290 387 431 563 923
93 239 787 904
558 583 763 927
134 188 326 399 507 570 773
46 268 295 437 508 512 795 884
213 294 453 467
95 484 504
64 177 235 257 505 703 865 869 919
60 339 378
416 449 875 895
148 222 562 625 634 846 867
292 363 464 505 675 688
8 320 691 867
6 234 751 763 890
45 809 982
111 120 653 705
148 288 567 752
80 121 243 400 653 749 757 828
293 363 421
33 62 76 196 617 791 853
199 535 608
371 373 639 693 797 857
112 265
57 193 401 546 782 849 867 872
708 739 763 811
731 754 984
565 642 712 764 877 927 935
18 117 537 607 693 871
62 213 317 361 670 790
182 212 325 328 330 457 568 767 926
110 282 566 924
54 85 227 432 482 763 830
105 178 376 407 939
363 453 613 764 891
318 353 521 647 649 687 751 753
120 452 714 737 801
119 352 528 585 622 638 702 713 755
75 236 473 811
50 194 255 553 591 686 737 778 794 921
74 152 255 615 947 962 978
140 200 274 287 551 706 924 994 1000
61 126 938
348 449 601 708 779 921
456 546 623 762 897 959
9 116 330 717 766
242 524 544 786 900 956
10 270
60 229 447 630 733
65 115 261 301 425 581
62 263 453 596 929
140 541 794
100 179 424 674 806 924
49 274 539 813
421 424 477 583 727 798 827 860
123 492 995
779 822
19 229 270 567 599 801
79 503 565 675 823 839 872 957 982
78 172 352 855 929
153 725
260 390 565 742
102 193 486 488 511 618 793 880
170 229 303 501 584 892 911
39 58 615
347 474 527 558 561 613 666 841
116 210 271 531 888 960
140 301 327 392 439 443 517 557 898
530 945 986
373 902 962
201 368 504 703 863
20 75 147 249 672 772
166 218 370 464 768 770 795 935
23 125 188 314 323 497 679 838 941
76 401 464 939 954 955
144 400 578 726 930
136 158 252 287 637
13 147 398 428
196 469 575 591 663 941 993
58 952
82 420 491 599 603
61 549 714
112 204 281 295 802
40 503 554 605 756 847 961
488 563 786 986 991
537 592 678 888
346 349 774
294 296 451
88 213 263 722 934
139 741 832 852 867 997
8 101 373
340 539 578 648 667 709 897
177 443 585 869 908
204
352 433 764 831 894
34 354 479 761 893
318 366 402 550 743 757 800
49 103 667 713 851 938
67 117 297 362 727 820 941
10 380 557 580
174 420 695 925
298 453 493 499 543 810 950 956
19 76 216 313 609 686 694 912 995
465 580 691 745 904 952
78 163 189 290
317 583 632 726 913 926 983
1 251 289 751 826
189 244 528 617 762 776
51 95 467 521 906 963
234 265 602 999
5 65 96 434
783
340 658 918 927 930
151 203 240 252 534 565 964
265 787 803 832
161 194 298 356 427 447 540 564
215 216 330 799
30 220 270 307 425 476 478 520 607 910 921
562 619 625 732 814 986
123 237 325 436 618 657 931 979
155 437 735 959
133 169 364 675 947
429 473 537
36 55 164 544 699 800 810 824 902
106 801
463 511 618 636 683 808 890
252
800 827
110 169 382 806 834 973
368 977
467 548 790 830
75 209 798 919 945
50 107 220 419 492 605 663 805 925
66 206 384 868 914
108 130 208 377 490 511 800 827 835
349 392 472 776 824 966
11 66 107 438 478 625 761
386 576 718 826
108 537 684 901 935
28 317 319 429 522 721 757 839 908 973
53 73 373 857
125 196 391 649 908
42 467 474 527 655 784 839
16 145 236 361 463 730 781
741 909
143 209 291 780 788
163 462 836 875 985
68 316 535 687 714 788 865 931
78 114 145 326 591 798 852
378 535 641 680 829 884 926 993
202 305 399 404 674 753 995
138
85 136 151 194 727
47 103 202 382 383 431 495 516 518 852 877
187 444 869
13 190 642
427 746
165 233 619 856
338 391 612
401 846
690 739 840
123 741 876
722
5 58 151 230 486 578 632
245 298 411 942
329 822 998
223 565 895
125 293 591 597 681 890 928
94 157 358 481 876 900 922
441 885 937
19 213 337 529 812 987
245 709
37 51 332 394 571
81 264 973
138 212 552 650 840 997
293 374 490 512 558 621 927
38 373 398 946 983
220 316 719 785
585
428 573 932 973
48 111 241 649 984
403 667 743
225 740
39 625 733 778 818
356 638

539 602 794 811 892
82 475 535 647 723 803 912 915
133 512
58 289 318
660 895 971
199 513 603 922
18 189 190 344 697 886
86 296 522 528
307 362 390 602
600 936 959 986
21 175 194 344 775 782
151 210 381 435 692 711 786
321 718 739 922
315 623
271 289 471 493 724 937 949
26 46 733 759 893
537 869
21 176 250 460 508 570 890 989
166 285 862
315 425 516 727 987
208 486 541 994
19 335 469 834
8 57 274 339 439 525 543 804 900
45 308 414 591 671 743 842
166 351 391 951
381 697 734
370 527 903
131 453 537 597 732
472 536 581 647 802 860
378 786
107 170 183
119 464 545 726 812 959 981
126 132 413 637 698
23 78 146 241 387 677 804
470 753 793 814 844
639 804 866 868
280 282 458 490 588 662 768 821
135 173 687 850 883 912
348 493 497 700 748 813 825 869
288 560 777 970
127 481 575 605 717 779
444 554 598 652 705
31 120 392 403 455 853
24 864 891
251 643 874
526 947
132 618 713 770
402 548 683 701 846
63 711 755
257 334 392 483 620 938
157 798 877
84 251 536 539 776 962 998
45 465 881
66 142 195 202 346 425 442 525 660 698 948
14 56 133 136 270 499 682 849 947
589 644 661
561 758
141 242 596 681 709 883
45 168 227 950 967
140 171 365 378 603 861 999
7 366 656 915
37 215 216 434 785 844 916 941 985
317 434 443 724 805 827 957
95 388 455 488 495 518
435 765 791 829
114 514 535 606 768 921
140 152 517
449 535 650 720
183 278 526 877 957
12 126 210 537 734 904
11 150 216 300 583 824 935
12 36 239 411 518 596 639 793
138 742 819 886
34 149 254 353 411 701 804 874
56 116 208 442 819
20 75 160 225 243 450 595 636
234 544 607
158 503 514 525 532
20 118 167 261 351 437 527 534 594 868
165 320 452 750 943
351 545 887
166 455 530 991
106 196 293 572 722 751
46 921
62 202 374 471 572 732
126 190 389
102 267 571
104 139 504
43 586 868 972
279 492 696
56 375 607 635 737 790 890
5 129 324 329 385 725 984
157 297 306 418 494 539 683 816
42 543 556 726 813 892
645 986
43 643 810 832 834
524 696
246 486 611
352 642 922
71 456 677 747
66 309 546 584 697 715
98 326 502 614 887
645 647 871
9 10 128 241 497 851
11 49 300 375 529 630 776 945
282 294 520 750 993
67 108 158 349 409 883
562 720 757
202 215 539 551 686 825 975
315 505 572 980
417
522 842
36 404 449 467 554 631 648 736 876
277 360 496 616 844 891
43 189 205 596 623 627 634
536 557 624
83 381 455 582 714
25 614 687 960
28 158 296 708 719 721 759 811 817 893
431 632 748
431 479 552 628
81 310 353
113 291 498 625 886
51 192 308 317 437 515 820
51 121 601 623 781 987
420 471 525 538 686 804 907
6 97 275 315 336 670 717
360 433 553 724 779
103 618 720 835
129 188 928
130 266 267 383 778
192 499 804
119 219 313 683 837 930
70 201 269 340 758 760
39 99 598 809 947 963 995
255 722 831 931 936 937
234 238 374 556 665 824 825 830 942
289 415 558
367 623 635 756 822 825
426 724 794 822 824 864
145 606 637 902
14 554 627 634 748 876
446 499 518 849
4 160 419 498 649 750
225 532 630 822
196 352 594 821 915 979
274 392 422 589 614 781 894 925 949 970
249 487 884
325 459 628 707 781 946
29 135 464 634 814 896 973
54 184 216 267 425 646 932
150 182 196 205 247 366 818 867 907 922
152 279 573
176 210 242 558 639 642 914
75 95 108 234 660 674
436 438 565 914 928 948 992
222 272 709 797
88 150 268 406 864
62 213 290 306 720 747 799
444 851 997
35 94 318 511 659 733 847
177 311 426 583 846
116 342
2 161 315 358 409 524 740 828
99 185 723 915
36 412 597 789 845
85 318 589 648 653 945
9 405 520 728 972
60 198 230 299 383 384 386 879 882 925
151 559
46 657 879
40 258 522 640
225 345 410
298 930
351 464 554 714 882
261 332 745 960
704
485 570 980
494 729 825 843
277 439 508 647 943
374 466 721 900
259 511 513 524 589 837 879
210 500 633 721 764 774
306 508 592 654 702 724 893
455
119 260 528 788 901
40 45 524 558
69 205 377 884 917
313 348 412 441 730 759 936 937 942
75 363 510 646 882 901
465 661 668 798 827 971
373 449 527 653 736 754 890 894 902
294 306 347 455 978
112 116 241 272 411 854 856 867
124 216 330 562
46 238 368 738
112 854 860 875
19 86 137 227 433 723 743 792 931
80 123 140 154 505 649 833 873 964
93 669
168 692 758 808 896
47 766 787 921
1 99 566 585
293 927
223 514 625 667 703 776 877 942
132 142 158 534 729 799 992
109 399 563 686 779
595 701 804 869
37 79 223 594 832 877
67 326 510 666 690 959
251 835 886
54 127 227 239 442 544 591 952
423 567 984
431
25 194 199 315 546 668 708 866 936
78 295 442 638 871 875
116 159 289 569 623 826 877 975
116 151 200 297 428 712
502 603 755
82 206 350 385 954
102 420 608
363 811 837
163 472 592 639 641
40 644 965 986
70 275 346 617
67 487 563
130 181 602 687 723 919
375 446 605
76 201 331 335 336 419 633 839 841
44 125 148 414 495 687 746 831 850
407 434 471 486 492 747
276 873
612 933
84 508 631 912
91 235 335
81 88 179 410 494 539 543 617 751 769 887
91 668 691 698 784 837
82 242 419 501
117 137 452 531 541 552
170 316 600 632 832 854
276 530 605 649
95 181 294 503 527 612 675 889
27 109 667 815 841 939
389 460 489 550 559
27 167 360 575 612 818 859
92 458 619 647 821 883
126 152 679 836
374 388 418 918
103 333 362 392 588
139 527 572 638 756 938
146 243 407 410 467 695 821 874 900
162 232 669 700 821 874 959
271 278 399 542 597 735 935
533 574 928
277 305
573 578 598 747
253 292 664 822 874 890
75 225 765 865
14 174
84 156 413 568 631 790 852 960 980
75 359 676 834
540 621 731 740 820
20 196 245 376 739 841 974
497 700 832 972
194 380 601 744 966
105 187 367 710
35 121 579 603 897 970
281 310 330
24 277 574 905
2 10 177 574
20 54 175 251 355 546 601
201 414 558 748 754
31 33 66 115
82 89 544 620 695 717 895 937 986
74 106 566 803 861 945
54 150 359 583
155 264 540 569 737 973
63 143 224 473 608 820
29 314 613 884
33 158 188 909
317 443 455 635 950
744 972
68 222 230 495

63 183 725 832 952
690 876
408 411 500 774 853 949 967 1000
30 437 628 639 673 679 835 962
418 948
51 430 478 794 902
36 81
311 476 629
49 305 540 878
81 117 163 187 253 619 831
140 479 795 863 945
132 717
16 515 558
228 605 676
440 526 680 777 898
165 456 494 646 747
16 209 357 568 584 618 695 780 909 959
67 328 387 415 670 705 810
65 70 72 194 468
30 99 703
116 129 137
143 147 184 232 416 584 767
123 271 338 386 388 485 841 891
165 578 649 791
21 97 215 489 541 706
207 371 555 602 650 820
401
40 489 589 674 845
69 181 396 665 737
5 179 609 745
182 322 541 972
