124 149
87
45 67
8

69 109 114
54 74
27
3 12 38
39 78
11 18 37 63 80 85
10 106 119
8 31 44

53 69

49 75 121
30 41 65 103
10 53
47
63 122
43 54 101
124
114 117

45 54 103 106
38
7 45 74
69
40
17 53 115
12 124
54
43 51 66 104
40 98 116 120
42 98 110 111 123
108 116
10 82 83
8 26 78 113
9 46 86 92 114
29 34 114
17 51
35 63
21 33 45 63 91
12
2 25 27 43 111 114
39 51
19 59 72

16 74 96 123
123
33 41 46
110
14 18 30 79 98
6 21 25 32 100 112
70 75 84 120

78 121 124

47 101

109
112
10 20 42 43
92 106
17
33 111
2 72 81
97 118 119
5 14 28
55 102 121
112
47 67

6 27 49 78 82
16 55 112
82
86
9 38 57 74 117
53
10
67
37 74 76 110
37 96 120
55
10 93 108
39 77 124
1 100 102 109 118

93

43
39 64 112
85 89
109
110 120
49 83
68
34 35 53
122
54 87
21 59
70 87 120
17 25 116
33 119
115
11 25 64

36 85
5 61 87 94 112
35 52 82 95 112 123
35 45 66
54 62 71 75 92 109 110
38
5 23 39 40 45
30 105
34 36 103
23 78
68 87
11 68 104
34 55 83 95 102
16 57 70
20 99
35 49 50 110
22 31 57 86
