124 597 
6 23 28 37 40 47 84 103 107 116 
7 9 18 45 47 51 53 56 68 91 100 101 
7 15 39 42 48 56 82 107 
9 11 21 38 42 91 97 100 101 102 122 
27 30 40 47 61 89 97 106 
1 13 20 37 69 78 79 85 94 101 107 117 
2 3 9 22 29 38 51 57 61 70 75 80 85 
9 28 38 39 45 55 65 
2 4 7 8 24 37 75 92 101 116 119 
26 60 73 80 105 107 108 109 112 122 
4 12 16 49 58 71 81 82 86 99 
11 13 25 30 58 
6 12 18 37 43 46 100 
20 29 44 45 50 65 69 82 93 
3 28 30 34 56 61 62 64 72 88 90 109 
11 36 57 63 68 78 81 104 115 
19 24 26 34 35 49 79 90 103 106 115 122 
2 13 19 64 79 81 89 94 117 120 
17 18 25 28 42 53 58 62 67 82 86 104 110 113 117 
6 14 50 53 69 74 85 94 99 101 118 123 
4 30 36 43 53 57 58 88 98 109 124 
7 23 27 31 39 54 62 69 74 75 76 83 101 
1 22 26 56 65 74 89 91 120 
9 17 34 36 40 41 50 67 75 86 97 105 118 
12 19 37 39 40 49 61 65 79 80 101 
10 17 23 36 43 45 48 69 70 72 73 81 85 88 114 115 123 
5 22 29 38 43 83 86 91 107 116 117 
1 8 15 19 61 107 108 124 
7 14 27 37 70 83 100 106 114 
5 12 15 21 36 57 71 73 88 89 107 117 
22 56 59 86 104 107 
59 72 92 118 
36 56 67 76 79 113 114 122 
15 17 24 45 50 89 100 119 
17 41 53 58 69 71 93 115 116 
16 21 24 26 30 33 57 61 82 100 112 124 
1 6 9 13 25 29 62 72 74 77 83 124 
4 7 8 27 43 61 70 76 103 112 
3 8 22 25 47 74 80 93 107 108 112 
1 5 24 25 46 56 57 61 96 107 110 
24 35 58 62 76 80 84 103 108 116 
3 4 19 59 61 62 83 124 
13 21 26 27 38 89 109 117 118 
14 75 104 120 
2 8 14 26 34 59 62 98 106 112 116 121 
13 40 57 69 84 88 96 
1 2 5 39 54 69 93 95 110 121 
3 26 69 79 81 104 
11 17 25 84 85 86 
14 20 24 34 63 114 120 
2 7 60 74 78 86 88 93 118 
60 67 85 89 95 105 120 
2 19 20 21 35 69 70 74 84 87 120 
22 47 68 72 87 112 
8 63 100 115 116 
2 3 15 23 31 33 40 68 78 96 118 
7 16 21 30 36 40 46 65 74 82 97 114 116 
11 12 19 21 35 41 59 63 65 73 79 86 
31 32 42 45 58 81 97 99 114 
10 51 52 88 121 123 
5 7 15 25 28 36 38 40 42 69 70 74 75 80 86 88 
15 19 22 37 41 42 45 81 102 108 122 
16 50 55 58 104 105 117 124 
15 18 67 82 84 113 
8 14 23 25 57 58 78 111 114 115 
68 83 87 88 116 120 
19 24 33 52 64 91 100 
2 16 54 56 66 73 78 96 97 107 
6 14 20 22 26 35 46 47 48 53 61 82 98 105 113 119 122 
7 26 29 38 53 61 73 83 87 97 102 124 
11 30 35 109 
15 26 32 37 54 110 117 
10 26 30 58 68 70 102 107 
20 22 23 37 39 51 53 57 61 79 82 111 
7 9 22 24 44 61 121 122 
22 33 38 41 85 104 110 
37 83 90 95 101 103 116 
6 16 51 56 65 68 79 84 122 
6 17 18 25 33 48 58 74 78 84 111 113 
7 10 25 39 41 61 86 88 90 111 
11 16 18 26 48 59 62 108 118 124 
3 11 14 19 36 57 64 69 74 109 116 120 
22 27 29 37 42 66 70 77 99 104 106 115 121 
1 41 46 49 53 64 78 79 89 107 108 109 
6 7 20 26 49 52 76 87 100 115 
11 19 24 27 31 49 51 58 61 80 89 94 95 105 113 114 121 124 
53 54 66 70 85 88 90 92 108 
15 21 26 30 46 51 60 61 66 80 87 108 109 111 121 122 123 
5 18 23 30 34 43 52 84 86 103 114 119 120 123 
15 17 77 80 87 93 119 
2 4 23 27 67 94 96 101 
9 32 87 95 106 108 122 
14 35 39 47 51 90 
6 18 20 86 91 100 108 121 
47 52 77 86 92 106 
40 46 56 68 91 102 116 119 
4 5 24 57 59 68 70 122 
21 45 69 112 113 116 
11 20 59 83 114 120 
2 4 13 29 34 36 55 67 85 94 105 107 
2 4 6 9 20 22 25 77 91 102 103 105 
4 62 70 73 96 101 109 
1 17 38 41 77 89 101 110 121 123 
16 19 31 44 48 63 76 83 110 
10 24 52 63 69 86 100 101 
5 17 29 45 83 92 95 111 118 
1 3 6 10 27 28 30 31 39 40 68 73 84 100 118 123 
10 28 39 41 62 81 84 87 88 92 94 112 
10 15 21 43 71 82 84 88 102 
19 40 47 72 76 103 104 117 
65 74 79 80 88 106 112 
10 36 38 39 45 54 98 108 111 
19 33 64 69 79 86 98 120 
26 29 33 50 57 59 65 86 89 99 
16 17 26 35 55 65 83 85 122 
1 9 27 35 41 45 55 57 66 77 82 96 98 117 122 
6 18 19 27 30 43 63 72 110 116 124 
20 24 32 43 51 56 81 106 107 
9 34 69 89 90 96 
18 23 44 50 52 53 66 82 89 99 113 
45 47 60 75 83 86 88 94 103 
4 10 17 33 62 69 75 78 88 92 97 115 116 
20 26 60 88 89 103 107 
21 28 36 37 42 63 70 81 86 117 
