124 85 
60 

30 

29 78 


22 

58 

22 
120 
94 109 
91 
34 50 


95 104 
40 54 
85 
8 12 28 45 
89 
121 
64 73 105 110 
34 50 73 
71 111 
22 51 119 
5 58 
3 56 
47 
88 
34 
16 26 33 50 96 


51 
120 
97 
20 97 99 
51 122 
65 124 


22 
88 
31 115 
77 

16 26 34 95 
28 37 41 62 68 
70 93 
122 
20 81 
88 
30 
97 
10 29 
87 
1 
121 
51 105 121 

25 
42 76 121 
86 
90 
51 96 

52 100 
27 
110 
25 26 
109 

65 
48 
5 84 100 


54 
85 

78 
21 82 
66 95 
59 107 111 122 
32 46 55 
23 
67 
15 
116 
52 121 
14 
19 50 86 
34 68 
39 40 57 120 

40 
70 78 



19 
25 62 
114 
87 113 

14 74 
25 72 
27 87 

107 
106 
47 
92 


28 
13 38 97 
24 61 62 65 93 
41 53 87 

42 
