250 2421
24 38 43 51 55 71 74 81 88 98 107 110 127 142 162 166 171 194 203 205 218 219 231
4 5 12 17 28 37 39 40 86 92 118 129 134 186 187 207 227 240 249
23 27 34 60 61 65 74 77 87 89 111 117 125 126 142 154 161 169 182 206 219 222 232 250
2 6 11 18 36 85 104 116 140 144 153 172 186 191 193 224 229 236 247 248
2 8 14 39 43 63 86 93 101 103 114 151 154 161 171 180 211 215 222 235 236 239
4 8 27 44 54 56 62 66 70 77 105 111 116 123 125 128 148 165 188 194 209 212 220 221 222
44 62 64 95 116 119 126 132 139 147 150 191 208 218 226 228 235 246 247
5 6 41 46 59 71 72 81 85 96 120 127 145 152 160 180 182 188 207 225 239 240
23 39 48 81 83 91 96 118 123 127 128 135 170 198 238 242
23 30 34 35 75 78 104 116 124 158 175 184 204 206 230 234 250
4 73 76 93 101 102 113 118 124 135 148 149 152 153 155 173 191 230 233 248
2 24 28 34 42 45 49 57 84 118 120 127 130 133 150 165 172 181 199 205 208 218 219 221 230
23 60 65 68 76 77 83 92 93 111 112 114 122 130 138 153 177 189 206 220 235 243 244 250
5 16 28 39 40 48 66 68 77 90 106 115 119 121 145 147 162 173 177 194 213 231 235 239
26 60 97 131 147 157 160 164 166 169 190 192 195 199 203 219 232 240
14 26 41 42 60 63 75 97 110 124 132 139 146 171 177 218 224 245
2 20 22 32 41 45 49 94 103 117 131 156 173 184 193 218 226 236
4 23 27 36 51 61 63 80 96 108 124 125 133 137 193 204 218 225 226 227 241 246
30 71 73 76 112 125 128 132 135 138 154 156 167 169 172 180 189 193 200 224 229 236 241
17 21 35 139 154 167 181 193 194 196 208 211 233 245
20 23 43 77 130 141 152 162 181 183 189 210 211 213 220 221 230 231
17 33 40 67 93 94 96 115 116 123 128 129 142 143 146 165 178 219 223 234 240
3 9 10 13 18 21 30 57 63 75 82 92 95 99 104 114 130 131 154 158 162 183 186 188 200 208
1 12 29 50 82 137 141 143 155 174 176 234 240 246
56 66 83 91 97 123 140 141 142 151 174 184 185 204 217 243 249
15 16 36 52 56 72 79 82 86 127 133 142 177 183 200 202 204 221 223 236 240 249
3 6 18 35 47 76 97 120 126 142 163 191 202 236 247
2 12 14 34 40 59 74 76 88 103 115 143 162 171 181 182 189 196 219 228 240 248
24 38 44 46 82 89 92 97 105 142 146 164 177 183 185 187 196 201
10 19 23 36 47 62 83 96 97 143 145 161 180 194 206
34 43 44 52 59 73 93 96 125 132 134 172 180 188 225 229
17 34 48 57 77 85 88 102 108 117 131 159 167 210 211 231 237
22 37 57 60 64 67 70 78 96 99 104 129 130 133 145 148 149 150 187 203 225 235 238 244
3 10 12 28 31 32 41 98 124 127 175 184 198 218 227
10 20 27 40 46 69 71 79 81 83 90 121 128 129 145 153 159 161 162 163 165 178 183 193 197 225 229 240 247
4 18 26 30 48 50 55 64 80 84 100 103 105 121 128 153 161 173 175 186 196 200 201 208 210 213 218 236 243
2 33 86 96 115 119 170 173 190 229
1 29 52 71 81 87 100 139 146 153 159 174 179 185 187 195 207 212 230 233
2 5 9 14 57 64 73 76 82 94 95 116 119 151 161 176 191 201 213 229 240 241 245 250
2 14 22 28 35 47 48 106 110 165 183 184 187 196 198 201 223 234
8 16 17 34 44 51 54 55 84 105 107 110 128 133 137 151 167 169 170 178 204 225 249
12 16 63 65 76 89 97 98 109 129 130 134 138 153 155 175 213 246
1 5 21 31 54 58 72 89 90 104 105 113 148 158 161 165 172 209 214 236
6 7 29 31 41 66 78 111 117 119 140 157 180 186 187 191 192 195 233 240
12 17 67 68 108 110 114 118 121 135 160 165 168 187 191 192 197 215 228 246
8 29 35 49 60 73 77 96 103 105 110 144 148 151 177 185 248 249
27 30 40 48 52 132 138 153 160 163 179 187 195 196 204 209 241 243
9 14 32 36 40 47 57 69 98 107 110 126 128 154 169 180 182 195 199 221 244
12 17 46 55 67 90 92 98 126 127 169 172 173 184 203 211 214 227 228 232 235 243
24 36 57 76 79 97 104 111 118 155 169 183 189 205 239
1 18 41 59 62 71 101 102 117 123 126 129 137 139 160 166 171 201 204 209 236
26 31 38 47 61 71 73 76 123 164 183 185 200 211 241
75 95 104 138 147 149 161 163 176 179 183 192 200 216 225 228
6 41 43 83 87 88 127 128 135 137 161 163 170 194 212 217 233 246
1 36 41 49 65 78 80 112 114 144 196 200 201 204
6 25 26 60 70 73 86 104 127 143 147 149 181 190 221 244 249
12 23 32 33 39 48 50 100 110 129 148 167 168 182 188 195 214 215 217 238 240 245
43 82 88 125 135 137 140 146 156 157 180 237 238
8 28 31 51 61 66 130 133 137 139 163 169 176 207 226 231 249
3 13 15 16 33 46 56 81 90 96 108 185 203 208 239 245
3 18 52 59 63 68 79 91 96 106 117 121 125 140 155 156 207 208 221 229 230 233 236
6 7 30 51 71 96 110 143 147 150 151 178 188 210 211 215 219 231 243
5 16 18 23 42 61 69 79 93 95 102 110 118 135 149 154 156 162 181 182 184 187 220 230 242 245
7 33 36 39 68 76 140 157 167 170 185 190 201 219 225 236 247
3 13 42 55 78 98 104 115 118 160 161 189 211 220 248
6 14 25 44 59 98 108 110 138 140 172 180 217
22 33 45 49 72 91 104 119 137 141 153 156 168 182 187 199 208 211 220 229
13 14 45 61 64 94 106 120 121 135 149 158 171 184 193 214 222 245
35 48 63 92 122 127 135 154 159 188 195 201 213
6 33 56 88 151 164 186 191 199 202 215 216 221 241 243
1 8 19 35 38 51 52 62 82 83 96 119 124 136 150 153 165 172 174 194 213 226 228 247
8 26 43 67 119 120 128 129 142 175 183 200 213 219 226 228 231 233
11 19 31 39 46 52 56 120 121 122 137 163 180 202 209 217 219 224 232
1 3 28 93 97 107 113 118 132 143 148 150 155 160 164 184 191 196 197 203 226
10 16 23 53 101 105 120 161 162 177 179 194 206 226
11 13 19 27 28 39 42 50 52 64 93 97 103 108 110 113 119 122 127 130 145 147 149 155 157 184 185 206 223 226
3 6 13 14 21 32 46 100 112 129 141 149 150 179 186 187 189 193 214 236 243
10 33 44 55 65 98 102 103 142 181 186 191 211 215 227
26 35 50 61 63 95 107 109 113 140 165 177 182 183 194 199 202 217 219
18 36 55 90 99 105 138 161 190 199 233 237 241
1 8 9 35 38 60 88 127 152 154 164 174 178 181 190 194 197 206 208 223 230 234 248
23 24 26 29 39 58 71 147 154 156 177 181 192 245
9 13 25 30 35 54 71 93 97 123 124 128 132 134 135 142 145 146 148 151 153 166 185 188 190 216 240
12 36 41 95 100 143 160 193 195 209 213 232 235 237 242
4 8 32 99 117 144 150 183 189 200 217 219 236 239 242 243 246
2 5 26 37 56 113 120 171 177 190 197 230 232 233 239
3 38 54 94 98 118 126 152 156 182 197 209 215 238 245
1 28 32 54 58 70 81 104 108 111 118 127 136 142 161 166 174 198 200 204 210
3 29 42 43 123 128 158 164 166 186 224 235
14 35 43 49 60 80 136 152 163 167 169 183 191 205 208 211 237 245 250
9 25 61 67 95 103 115 119 127 129 132 145 202 205 213 223 228 238
2 13 23 29 49 69 106 109 121 127 140 148 164 184 204 212 238 247
5 11 13 22 31 63 74 76 83 103 116 124 131 135 136 157 173 199 208
17 22 39 68 87 98 110 112 115 119 122 123 128 138 141 158 163 168 176 208 212 225 227 228 235
7 23 39 53 63 79 84 91 113 146 166 177 197 221
8 9 18 22 30 31 33 37 46 60 61 62 71 111 113 148 156 159 161 162 173 181 187 200 206 236
15 16 25 27 29 30 42 50 74 76 83 105 116 123 142 150 153 156 179 184 192 208 213 235 236 242 248
1 34 42 48 49 65 66 78 87 94 103 138 174 186 201 211 224 236 246
23 33 80 85 108 121 130 160 184 199 203 204 205 229
36 38 57 77 84 145 172 181 214 224 225 248
5 11 51 75 108 119 123 130 153 165 192 195 196 210 225 243 244
11 32 51 63 78 133 143 149 155 161 175 200 206 212
5 17 28 36 46 76 78 91 93 98 120 123 127 129 137 199 200 202 209 226 230
4 10 23 33 43 50 53 56 65 67 88 132 139 148 150 154 162 164 176 189 242 243
6 29 36 41 43 46 75 80 97 106 107 131 151 157 172 184 187 205 213 221 231 240 248
14 40 61 68 92 105 124 127 129 132 139 140 146 152 153 162 164 183 207 211 221 225 233
1 41 48 74 79 105 124 133 149 152 162 177 184 199 210 222
18 32 45 60 66 76 88 99 101 125 128 138 139 140 148 153 158 179 195 198 199 206 209 225
42 79 92 117 121 122 126 136 183 196 203 216 233 242
1 16 40 41 45 46 48 57 62 63 66 76 94 113 124 155 170 177 179 183 184 185 200 220
3 6 13 44 50 88 96 113 142 149 159 164 204 223
13 19 55 77 94 136 154 171 173 176 206 208 209 222
11 43 74 76 79 86 95 96 110 111 173 183 197 202 203 213 234 236 245
5 13 23 45 55 116 128 129 130 138 152 179 185 219 223 226 232 235 242 249
14 22 28 37 65 91 94 147 148 191 193 226
4 6 7 10 22 39 93 97 114 146 155 157 164 167 178 193 203 238 242 245
3 17 32 44 51 61 85 109 120 126 162 179 196 198 227
2 9 11 12 45 50 63 65 74 87 88 161 162 167 176 181 188 202 212 223 235
7 14 37 39 44 67 71 72 76 91 94 101 123 141 156 158 186 190 204 210 211 213 221 223 239 241 245
8 12 27 68 72 73 75 86 103 117 129 149 154 165 187 210 217 236
14 35 36 45 61 68 73 92 99 109 124 129 131 132 138 150 152 156 164 165 168 206 245
13 69 73 76 94 109 123 142 146 149 150 154 160 166 172 182 194 196 202 212 214 219 223 233 239
6 9 22 25 51 52 83 89 94 97 101 103 119 122 124 141 152 159 170 215 217 245
10 11 16 18 34 71 83 93 106 107 110 121 123 149 156 160 168 169 174 201 214 231 238 243
3 6 18 19 31 58 61 108 140 181 198 226
3 7 27 48 49 51 87 109 117 178 186 194 203 206 207 208 213 220 233
1 8 9 12 26 34 49 54 56 69 76 81 88 91 92 103 106 162 167 180 185 203 219
6 9 19 22 35 36 41 48 54 72 83 89 94 108 114 141 153 154 164 166 169 172 195 249
2 22 33 35 42 51 57 72 77 91 103 106 114 120 121 145 153 156 164 177 186 189 192 219 231 242
12 13 21 23 33 42 59 76 99 101 114 138 140 152 173 177 224 247
15 17 23 32 93 105 121 136 140 163 212 228 243
7 16 19 31 47 74 83 91 104 106 121 139 143 168 196 200 231 244 247 248
12 18 26 33 41 59 102 107 152 160 170 176 179 190 228
2 31 42 83 138 139 141 144 155 171 178 189 197 204 207 218 219 234 246
9 11 19 45 54 58 63 68 69 83 93 165 166 172 189 231 236 240
71 88 90 93 109 112 131 141 160 193 204 210 225 245 246
18 24 41 51 54 58 59 67 73 103 163 190 213
13 19 42 47 53 66 80 94 98 108 114 121 130 134 140 165 168 182 217 225 232 245
7 16 20 38 51 59 104 106 108 132 134 156 192 222 240 241 246 248
4 25 44 58 61 64 66 79 92 106 108 125 130 131 138 144 145 165 175 184 191 199
21 24 25 67 77 94 119 123 128 134 136 155 158 160 164 170 175 206 207 219 229 230 234 238 240
1 3 22 25 26 27 29 72 78 83 88 97 111 122 145 169 198 207 211 212 218 230 241
22 24 28 30 56 62 74 84 102 132 174 177 209 214 224 228 241
4 46 55 85 134 140 167 181 200 204 208 219
8 14 30 33 35 76 83 91 100 129 140 142 150 153 163 173 178 197 202 215 216 227 231
16 22 29 38 58 83 95 106 116 122 152 156 158 173 194 199 200 201 244
7 14 15 53 56 62 76 82 115 149 161 203 208 209 214 237 242
6 11 33 43 46 57 74 83 92 96 104 108 115 149 162 171 181 210 217 240
11 33 53 56 63 68 76 77 102 107 111 120 122 124 147 148 163 185 199 227 248
7 12 33 62 71 74 77 85 97 104 121 122 145 173 177 178 193 197 199 214 249
5 25 39 41 46 62 70 83 105 154 171 177 180 212 214 219 225 241 244
8 11 21 81 87 90 106 107 114 121 123 130 133 146 194 201 217 227
4 11 13 35 36 38 42 47 67 71 83 97 101 106 108 128 129 145 171 184 185 216 224 237 242 246
3 5 19 20 23 48 63 69 81 82 104 112 120 122 128 151 166 167 218 219 226 234
11 24 42 50 61 74 76 102 110 116 134 141 177 197 203 212 221 227 228 242 243
17 19 58 61 63 67 82 87 96 97 119 121 124 129 139 146 157 168 178 199 202 220 237
15 44 58 64 76 93 105 116 156 163 165 182 184 191 244
10 23 43 68 89 94 108 119 141 146 175 177 181 212 224 230 232
32 35 38 69 96 111 123 161 177 184 191 195 216 221 244
8 15 45 47 51 65 74 84 99 122 124 133 136 141 161 168 184 187 199 232 233
3 5 30 35 36 39 43 53 54 65 75 80 88 96 102 118 147 159 160 193 200 201 210 224 245 248
1 14 21 23 28 35 63 75 96 104 106 107 117 118 127 148 169 195 212 219 230 233 238 241
27 35 47 53 54 59 73 90 94 131 137 145 149 157 191 201 240
15 29 52 70 74 81 89 92 104 106 111 116 121 128 129 141 168 169 174 175 212 221 233 236 240
6 12 22 35 40 43 45 71 79 101 120 121 135 138 140 157 172 184 194 202 209 211 224 230 237
1 15 51 83 88 89 95 122 128 135 154 194 209 213
19 20 32 41 57 64 90 116 118 127 144 154 178 185 190 220 225 229 234
45 57 67 94 121 124 132 138 156 160 164 184 185 198 206 215 217 235 248
3 15 19 41 48 49 50 59 90 124 128 142 162 164 176 206 207 217 221
9 37 41 54 64 110 123 133 141 179 201 209 213 223 226 228 233 234 235 238 245
1 5 16 28 51 68 86 112 134 148 151 153 178 182 184 190 195 200 206 208 216 223 245
4 12 19 31 43 49 66 71 100 105 122 128 135 165 182 237
11 14 17 36 37 49 93 96 112 113 130 145 146 150 175 225 231 236
24 25 38 71 81 88 98 124 143 164 180 186 188 193 198 214
10 34 36 42 72 102 140 141 158 164 173 193 195 220 221 232 247
24 39 53 59 94 104 112 118 133 169 183 185 198 199 207 248 250
13 14 16 26 29 46 75 79 82 86 95 107 110 129 130 143 150 151 155 158 159 183 188 198 211 227 229 230 249
22 35 41 62 81 116 126 134 145 150 156 167 171 185 199 213
38 47 53 75 77 97 108 110 114 117 133 170 191 198 204 222
5 8 19 30 31 44 48 58 66 73 127 151 174 181 193 194
12 20 21 28 56 63 78 81 82 96 100 118 125 144 148 158 180 190 202 213 217 219 233 243
3 8 28 48 57 63 67 79 87 122 138 157 171 172 191 196 199 203 213 226 230 234 235 242
21 23 26 29 35 40 50 52 53 72 79 85 90 106 109 110 113 176 177 191 197 200 227 249
10 17 25 34 40 49 63 68 74 76 92 97 99 105 107 110 140 153 157 159 160 165 168 171 193 211 245
25 29 38 46 52 60 64 76 83 110 114 127 149 153 167 168 176 178 201 209 213 222
2 4 23 36 44 70 77 78 89 98 119 126 129 174 216 223 235 239 250
2 29 33 38 40 44 45 47 63 67 77 96 105 120 160 191 199 224 232 237
6 8 23 31 57 62 69 83 118 174 177 195 196 203 209 217 223 238
13 19 21 28 50 65 77 85 104 129 134 135 194 208 225 249
15 37 56 64 80 81 83 86 119 133 137 167 171 181 198 206 212 230 250
4 7 11 27 39 44 45 70 74 78 90 115 140 157 159 163 179 182 183 187 194 209 213 223 244
15 44 45 53 82 97 101 129 139 202 204 209 214 219
4 17 18 19 20 35 68 77 84 115 116 136 150 161 174 175 180 184 194 212 244
1 6 14 20 30 54 71 75 79 81 122 126 146 152 165 166 180 189 191 193 201 217 220 238 240
15 38 44 47 48 57 69 84 101 108 128 159 162 171 175 188 205 208 213 214 218 232 234
20 28 29 36 40 47 55 74 101 109 117 122 132 182 188 202 223
35 45 74 81 86 87 95 113 134 145 150 155 183 208 215 225 233 244 250
9 34 40 88 108 117 125 142 168 174 176 177 179 190 204 211 213 223 236
12 15 48 67 70 79 80 93 99 103 107 108 140 146 149 150 156 160 176 178 182 187
19 23 26 36 52 53 55 72 85 88 96 102 103 110 132 144 146 161 171 183 210 225 231 245
29 36 39 40 51 55 64 69 98 124 146 152 161 163 170 185 194 218 220 234 235 237
26 27 70 73 79 91 103 113 118 122 145 156 165 181 192 196 210 223 225
1 15 33 49 60 74 99 109 113 116 126 127 147 155 182 188 225 241 243 244
10 18 25 26 41 47 51 55 88 92 99 111 119 134 136 144 179 192 198 227 239 247
1 12 50 90 91 99 105 195 219 221 223 224 238 247
3 10 13 30 75 76 81 96 102 108 112 121 126 141 168 169 171 190 208 235
2 8 38 59 61 106 126 134 141 142 169 176 214 231 235
7 12 20 23 36 60 61 67 81 90 93 94 97 112 126 144 147 171 189 195 197 206 239
6 43 47 51 73 84 87 103 108 112 143 147 165 166 170 185 188 191 192 246
21 32 36 62 88 101 107 119 120 136 148 161 200 202 213 236 250
5 20 21 32 49 52 62 65 67 78 90 98 106 119 142 165 177 184 198 217 221
6 38 54 92 94 102 118 122 131 142 151 155 158 162 164 190 193 222 239
14 21 36 39 42 69 71 72 84 91 97 105 113 119 126 137 166 170 178 181 182 185 191 195 198 210 226 229 234 242
43 49 57 68 77 100 122 124 143 147 150 151 174 192 195 207 237 244
5 45 57 62 70 78 87 123 145 168 197 241
53 70 83 109 145 153 159 171 186 218 226 232
25 54 57 66 73 79 85 120 123 138 148 152 168 169 181 188 194 211 223 238
1 7 12 16 17 18 34 36 134 142 154 195 201 216 222 248
1 3 12 15 22 28 62 64 72 73 79 85 114 122 127 129 134 141 144 151 154 162 181 192 205 230 241
6 13 21 63 65 67 110 126 156 167 175 194 201 228 229 230
6 12 21 26 48 56 61 70 95 105 106 119 155 159 164 169 175 205 211 235 243 246 247
3 5 6 68 107 112 139 179 185 212 218 234 240 247
22 26 40 76 81 91 111 114 118 119 122 170 171 186 188 191 196 198 202 205 217 228 231 237 240 243 244
4 16 19 73 89 98 100 130 143 153 158 161 165 187 205 244
8 18 31 33 35 41 53 64 94 100 101 106 108 136 138 151 167 173 189 197 200 202 203 237 242 246
7 17 18 59 71 72 74 75 76 103 114 115 125 154 170 182 213 216 231
2 18 34 49 78 94 117 145 149 152 155 177 183 204 230 236 249
7 28 45 49 53 71 72 91 94 131 133 143 155 170 220 223 235 243 246
4 19 31 35 37 39 61 67 99 141 167 177 213 220 238 250
10 11 12 21 38 61 63 81 86 103 141 142 158 162 165 177 182 190 219 220 227 240 248
1 14 21 32 59 62 72 105 124 129 132 135 145 173 200 207 223 226 235
3 15 49 73 84 86 114 138 158 160 175 187 195 216 245 250
11 20 38 44 54 61 72 80 86 106 109 122 126 160 162 164 170 181 197
10 22 24 40 81 113 134 141 154 167 170 182 195 201 213 222 244
5 7 13 14 33 49 84 89 94 97 114 118 168 170 182 186 201 206 207 221 228 231 243 246
4 5 17 19 26 27 36 43 51 61 64 77 85 96 97 98 113 120 135 164 173 198 210 227 238
32 58 80 84 90 147 153 156 165 172 187 201 214 223 225
9 33 57 58 87 91 92 116 124 141 162 170 188 194 205 217 229 236 240 243
5 8 14 50 60 85 86 119 122 186 204 208 212 243 247
2 8 15 22 24 26 28 35 39 44 57 83 105 135 139 141 148 163 164 194 222 223 230 238
18 19 39 47 52 70 80 119 139 142 143 151 162 203 215 219 242
9 63 84 85 97 104 109 114 116 129 147 153 155 182 213 225 241
13 25 36 47 49 62 70 77 85 101 104 124 131 155 181 203 221 223 228 235 238 239 250
13 33 48 56 101 132 146 151 157 159 191 193 197 203 214 223 224 234
16 20 39 57 60 63 68 82 87 90 113 116 119 121 123 136 138 161 170 171 184 200 232
7 18 24 42 45 54 85 98 134 136 139 153 209 221 225 228 235
4 7 27 35 64 71 92 130 132 175 204 205 221 222 239 249
4 11 28 46 65 81 97 100 105 132 139 149 161 168 176 218 230
2 25 26 41 46 56 59 114 128 150 177 183 189 227 247
3 10 13 39 90 176 186 190 197 210 229 232 243
