250 331
64 74 150 167 206

19 144
42 64 74 201
42 186
60 165
59 104 190
115 154
16
15 130 146 148 186
185 220
35 36 49 134
140 152 225
79 93 169 241
10 125 228 234
9 61 65 177
81 118 137 166 173 178
24 27 100
3 142

165
125 127 244
88 150 186 236
18 118
86 101
188 208
18 91 120 148 158 229

86
105
144 239
160 181
70 146 231 249
238
12 48 72 218
12 58
71
135 160 207
77 88 212 244
68 136
133 151 227
4 5 57 60 234
65
135 173
63 149 189

84 96 101 180
35 101 180 195 211 235 240
12 77 189 192
79 145 215
190
91
78 79 164
104
162
64 150 167
42 160
36 176
7 142 184 193 204
6 42 72
16 85 89
78 105 161 225
45 128 144 232
1 4 56 106 162 164 237
16 43
83 156 217
70 197 217
40 90 91 184 220
92 161 163
33 67 164 211 215 236
37 163
35 60 107 238
145
1 4 185
209
80 215
39 49
53 62 156
14 50 53 146
76 180
17 160
156 186 243 248
66 193 203 247
47 117 162
61 87
25 29 188
85 115 174
23 39 93 157
61 149 198 245
68 95 135 147 151
27 52 68 152 187
69 195 197
14 88
151
90 99 171 227
47 111
134 216

95 176
18 232
25 47 48 114 145 150 169

249
7 54 208
30 62 140 161 215 246
64 154
72
113 117
147 181 191
118
96 129
135 149 192 193 208
108 176 202 219
101 221
8 87 122

84 108
17 24 110 249
172
27 212

115
212 232
131 155 208
15 22

22
63 155
111 161 163
10 233
124
159
41
12 97
38 44 90 112 175
40 176
17 182 236

164 208
13 105 171 228

19 59 189
172 187
3 31 63 230
50 73 101 189
10 33 79 165 196 220
90 109
10 27
45 89 112 158 212
1 23 56 101 188 233
41 90 94
13 91 193
191
8 106 229
124 128
66 78 82 164 214
88 192 198
27 149
132 193
32 38 57 81
62 69 105 129 166
55 64 84
69 71 129 188
53 64 70 139 156
6 21 146 212
17 161 236
1 56 232

14 101 197 244

95 140 180
119 143 190
17 44
87
135
58 99 113 136 231
16 244
17 205
191 249
47 48 80 171 204 228
32 109 190 234
137 240
201 235
59 68
11 74 192 244
5 10 23 82 247
91 143
26 86 150 163
45 49 142 145 246
7 51 172 181 209
109 153 179 199
49 112 157 185
59 83 112 152 159

48 92 217
146
67 92 169
89 157
191

4 183
113
83 238
59 180
178
1
38 250
26 104 112 124 139 214
75 190

48 70 227 231
39 120 123 149 165 219

156 208
50 70 76 105
97
66 67 195
35 247
113 212
11 68 146
114

230

13 62 226
225
41 95 211 235
15 140 180
27 154
144 223
33 176 211
63 100 123 167
130 150
15 42 181
48 183 227 245
23 70 137 166
64 239
34 72 203
31 237
48 182 249
14 250

82
22 39 169 177 185
89 235
105 189
83 186 218
82
33 103 118 179 240
207 241
