250 4940 
6 12 24 30 44 46 47 67 69 80 81 82 99 104 110 114 118 119 122 134 139 145 153 156 158 166 169 175 177 183 184 186 217 220 227 230 239 242 249 
9 12 29 30 40 60 66 67 68 71 72 73 80 86 87 90 110 116 122 123 128 132 137 141 142 144 147 149 153 158 159 160 164 174 184 190 211 212 233 236 238 239 242 246 
11 13 17 25 30 38 39 54 60 63 67 74 75 87 90 93 101 104 106 108 114 115 123 125 127 131 132 138 139 144 148 151 162 165 168 171 192 195 196 199 206 207 212 223 230 238 241 242 245 249 
8 24 29 32 37 56 57 64 69 74 76 89 102 106 116 125 130 132 146 158 169 174 179 187 196 203 211 212 216 224 226 240 244 248 
6 7 11 15 17 22 29 36 45 51 54 55 56 59 62 78 85 88 99 105 122 128 133 135 140 149 173 187 191 193 199 203 213 218 227 239 241 243 250 
1 5 10 25 29 35 43 49 53 58 68 75 88 93 95 96 102 104 106 124 125 127 132 135 138 152 179 180 181 182 191 193 204 210 213 229 236 237 245 246 
5 13 17 21 30 31 32 36 42 44 52 53 55 58 60 65 70 86 90 94 97 104 106 109 111 117 118 121 134 135 137 139 152 154 158 159 173 175 179 180 182 183 184 197 205 206 209 210 217 221 233 236 243 
4 9 10 11 18 20 26 29 32 33 34 36 53 54 62 69 71 72 73 77 80 81 84 86 94 100 102 114 130 136 164 168 179 180 182 185 188 195 215 247 
2 8 21 24 25 34 40 50 51 57 62 71 73 81 86 90 98 106 115 116 118 120 126 133 137 139 162 163 166 180 188 199 205 212 224 235 245 
6 8 16 20 23 32 38 43 55 58 61 66 71 76 80 83 84 98 101 104 112 121 125 127 138 140 141 144 146 147 156 160 170 180 185 189 190 193 199 203 216 224 236 241 245 
3 5 8 15 30 31 40 41 43 44 51 52 67 68 74 88 104 106 119 123 133 134 139 149 169 178 179 194 210 217 220 222 226 227 233 239 250 
1 2 14 21 23 25 32 33 56 60 61 70 72 73 78 84 100 110 118 124 132 140 143 144 157 161 162 165 166 182 191 196 199 206 208 215 223 228 238 240 
3 7 14 17 21 23 26 35 36 38 46 51 60 65 70 75 79 81 91 97 101 109 113 122 134 147 157 167 179 181 191 192 193 202 206 207 208 215 217 219 220 228 230 232 
12 13 25 29 34 44 53 55 70 80 82 84 109 115 124 136 146 154 178 185 187 201 207 212 224 228 232 235 245 
5 11 28 29 52 60 73 83 92 93 96 101 105 109 117 121 122 124 126 132 133 138 152 157 167 168 170 173 195 197 199 206 212 213 215 222 226 237 239 243 249 
10 18 19 36 38 43 44 46 56 58 63 68 69 73 89 91 93 96 99 113 117 126 136 155 157 178 189 190 191 213 215 217 218 231 246 
3 5 7 13 28 43 54 76 84 90 96 100 104 105 109 112 123 127 148 157 158 162 166 171 178 182 207 215 222 223 234 236 239 242 243 244 
8 16 23 48 50 53 62 79 84 85 92 99 104 106 127 132 145 154 156 181 193 203 221 223 225 237 242 
16 25 26 29 32 40 43 51 62 68 72 75 92 104 105 125 130 142 150 151 159 167 177 179 186 206 209 211 215 223 233 242 244 247 248 
8 10 30 32 34 37 45 56 57 58 60 61 65 67 77 78 81 93 95 99 104 108 109 120 128 138 142 145 148 153 159 160 174 176 182 184 190 191 194 211 220 230 233 236 
7 9 12 13 27 50 62 63 73 76 80 86 93 95 106 110 111 112 142 166 167 169 170 184 185 188 190 208 211 213 214 220 231 232 234 242 246 247 248 
5 24 37 42 44 52 61 70 71 74 78 82 86 94 101 102 106 115 122 124 132 137 138 144 145 147 150 161 175 180 183 187 190 207 211 220 227 228 
10 12 13 18 31 34 35 36 52 60 85 86 90 92 110 114 117 120 124 125 132 166 177 178 182 200 201 206 216 240 245 
1 4 9 22 29 30 36 37 56 65 66 70 73 91 103 109 117 121 136 139 160 164 180 186 189 195 201 204 209 211 214 221 243 247 
3 6 9 12 14 19 30 34 35 54 55 63 66 81 86 94 98 105 108 110 124 134 136 142 146 149 153 166 172 173 174 200 201 205 215 219 222 233 248 249 
8 13 19 41 44 49 55 56 58 62 67 78 87 88 93 98 111 131 138 139 142 147 148 151 152 158 159 166 182 196 202 204 215 219 220 244 250 
21 29 32 40 42 52 55 62 71 79 93 95 100 120 123 131 137 139 161 163 168 172 174 176 184 185 189 193 205 207 219 221 233 243 244 247 250 
15 17 45 52 53 54 65 72 75 79 80 87 88 105 107 124 126 137 144 146 148 150 157 164 180 182 208 210 219 220 223 230 236 
2 4 5 6 8 14 15 19 24 27 36 42 44 49 51 53 61 68 69 82 99 110 122 123 124 138 141 158 160 161 182 187 199 207 208 212 213 216 217 228 229 231 232 237 241 245 
1 2 3 7 11 20 24 25 33 40 42 46 49 50 57 67 72 88 103 104 108 127 131 149 156 157 164 172 176 180 189 193 196 200 204 206 207 221 223 244 248 
7 11 23 44 47 48 53 59 61 64 66 70 72 79 94 111 113 114 115 123 124 128 129 140 144 149 178 180 186 194 196 197 198 232 235 241 245 250 
4 7 8 10 12 19 20 27 37 38 46 47 67 68 78 94 95 96 101 109 118 122 128 132 136 138 145 149 154 157 160 168 179 181 183 186 187 192 195 207 221 229 231 243 
8 12 30 37 41 57 61 74 79 83 84 85 102 105 115 123 126 127 132 150 161 172 177 193 206 209 215 223 229 230 232 242 246 249 
8 9 14 20 23 25 37 38 44 51 57 59 67 74 89 91 94 99 102 129 134 135 140 144 148 156 177 180 183 187 190 195 204 208 219 228 229 230 233 239 240 242 
6 13 23 25 45 49 52 55 67 69 71 74 84 95 96 105 106 107 117 126 129 133 139 149 153 161 165 181 187 190 192 193 201 220 236 239 240 
5 7 8 13 16 23 24 29 38 45 46 54 55 63 68 73 78 79 80 83 88 99 114 115 120 122 126 134 138 143 148 157 160 162 163 165 166 167 171 174 186 188 198 200 203 210 213 215 220 229 230 232 247 
4 20 22 24 32 33 34 40 42 43 56 83 85 95 96 100 109 118 126 130 133 141 142 151 155 160 167 174 177 179 183 190 196 204 206 212 219 221 224 228 230 231 234 244 
3 10 13 16 32 34 36 53 65 68 73 89 90 93 105 107 115 118 126 127 128 138 155 156 168 171 175 176 181 182 185 188 191 196 204 206 227 232 241 245 249 
3 41 42 48 49 50 59 61 67 72 77 79 81 82 84 117 120 122 133 134 140 148 152 153 159 162 164 174 177 179 195 200 214 224 225 226 230 239 244 
2 9 11 19 27 30 37 44 53 55 64 66 87 94 97 123 140 141 142 143 152 156 165 166 182 190 203 204 207 209 213 216 223 228 239 242 
11 26 33 39 49 52 68 70 71 75 83 98 105 108 109 110 112 117 127 129 135 138 143 147 165 171 174 176 180 201 210 216 222 236 
7 22 27 29 30 37 39 65 66 69 72 74 84 86 88 92 95 97 102 106 109 110 112 116 119 123 126 129 140 144 155 162 163 183 198 206 209 216 230 240 242 
6 10 11 16 17 19 37 52 57 58 59 66 87 95 100 108 113 120 128 133 138 156 168 176 192 194 197 199 202 212 213 214 216 219 223 225 229 231 236 244 247 249 250 
1 7 11 14 16 22 26 29 31 34 40 51 54 56 59 71 75 91 92 95 107 110 112 119 125 133 142 148 149 154 163 168 169 180 184 190 201 215 223 239 242 
5 20 28 35 36 48 60 69 71 72 82 86 90 94 97 104 121 122 123 130 133 140 144 153 157 164 165 171 177 178 179 182 191 197 205 207 211 222 223 224 
1 13 16 30 32 36 73 76 84 85 95 96 101 105 107 116 133 138 141 147 156 171 182 193 194 197 199 205 211 219 222 233 234 239 240 247 
1 31 32 54 56 62 65 68 71 79 86 88 98 101 105 106 119 121 124 126 128 133 134 138 142 151 167 176 185 192 208 212 225 226 230 231 235 237 242 248 
18 31 39 45 55 59 60 65 72 84 93 104 105 111 121 130 134 144 157 161 167 168 170 173 175 203 207 211 217 220 232 244 
6 26 29 30 35 39 41 52 57 61 67 70 79 83 88 93 103 106 118 119 121 127 128 132 137 143 150 151 159 162 164 173 181 195 198 207 208 209 216 224 247 250 
9 18 21 30 39 54 57 71 78 79 80 84 105 107 110 121 123 124 131 148 150 169 176 178 180 189 195 204 217 225 235 241 
5 9 11 13 19 29 34 44 57 67 72 88 89 90 115 120 121 124 130 135 138 143 160 164 166 176 192 193 202 205 208 210 219 225 227 232 245 
7 11 15 22 23 27 28 35 41 43 49 54 57 60 68 72 77 89 92 99 113 121 141 144 145 157 159 165 174 179 188 190 196 199 212 215 217 219 221 232 249 
6 7 8 14 18 28 29 31 38 40 67 81 94 107 110 111 112 123 128 137 138 144 157 164 175 179 181 182 186 189 201 208 212 226 229 236 238 241 242 250 
3 5 8 17 25 28 36 44 47 50 52 55 56 59 70 73 74 80 81 88 92 93 99 100 102 109 110 111 115 122 124 125 126 128 140 143 145 151 157 162 166 172 187 189 191 194 196 204 210 214 227 235 237 242 243 247 249 
5 7 10 14 25 26 27 35 36 40 48 54 58 59 61 67 71 81 85 98 100 116 118 129 131 135 145 156 158 160 167 183 188 190 198 201 202 203 210 223 239 241 244 247 
4 5 12 16 20 24 26 37 44 47 54 58 65 69 83 91 101 104 116 128 141 142 143 144 152 153 158 160 162 164 178 201 217 222 227 239 241 244 
4 9 20 30 33 34 43 49 50 51 52 58 65 73 78 83 90 108 115 119 125 131 142 151 152 155 170 182 187 192 211 212 215 230 236 239 245 246 
6 7 10 16 20 26 43 55 56 57 62 64 85 86 88 89 90 94 103 104 124 138 142 144 146 147 150 151 157 172 176 180 185 187 189 196 202 209 211 214 216 219 221 225 226 229 236 248 
5 31 34 39 43 44 48 54 55 60 61 63 80 82 84 99 103 107 109 117 122 137 144 164 180 185 199 202 207 210 213 220 223 226 230 238 241 
2 3 7 12 13 15 20 23 45 48 52 59 62 68 70 73 76 84 86 91 95 101 107 123 125 137 140 153 155 179 182 184 189 193 194 205 207 211 212 223 230 231 240 
10 12 20 22 29 31 33 39 49 55 59 62 66 78 79 84 89 90 93 94 95 97 99 103 104 107 109 120 130 137 138 150 154 171 172 182 201 204 205 206 216 221 222 225 226 231 238 245 248 250 
5 8 9 18 19 21 26 27 47 58 60 61 68 74 86 95 96 103 123 129 130 137 138 140 145 157 161 171 179 190 202 208 213 216 218 221 224 229 239 247 249 250 
3 16 21 25 36 59 86 94 98 101 102 105 107 119 139 147 152 164 166 174 179 189 200 205 207 210 213 217 225 227 234 238 240 248 
4 31 40 58 68 82 91 95 103 104 105 115 120 136 138 140 142 157 160 161 163 173 185 189 193 216 227 230 237 242 249 
7 13 20 24 28 38 42 47 48 56 57 66 84 89 94 98 100 104 112 118 125 136 138 141 143 149 154 164 170 184 198 207 212 216 217 219 222 229 232 241 243 
2 10 24 25 31 40 42 43 61 65 67 70 76 85 94 96 97 107 112 119 121 127 129 130 136 139 140 145 154 157 161 165 172 176 177 206 216 217 227 239 250 
1 2 3 11 20 26 30 32 34 35 39 49 51 53 55 66 82 87 89 97 105 110 116 119 124 125 129 130 135 147 152 154 165 166 172 207 218 219 232 234 236 244 
2 6 11 16 19 29 32 36 38 41 47 52 60 62 64 70 78 79 90 94 102 105 113 121 136 137 144 152 159 181 210 212 217 221 229 238 240 246 250 
1 4 8 16 29 35 42 45 56 71 98 112 113 114 116 119 128 132 135 138 146 157 161 163 165 168 171 182 185 190 198 202 233 240 241 244 249 
7 12 13 14 22 24 31 41 49 54 60 66 68 73 82 85 88 89 107 114 118 119 120 122 132 136 146 147 151 154 155 157 160 161 178 182 184 186 188 189 190 197 200 201 204 207 209 219 239 249 
2 8 9 10 22 27 35 41 44 45 47 50 55 69 76 82 88 89 96 101 103 109 113 114 121 134 139 146 148 149 150 155 164 171 182 184 187 189 194 199 221 239 243 
2 8 12 19 28 30 31 39 42 45 48 51 52 75 80 117 120 125 129 149 150 156 165 167 172 173 178 183 184 185 186 187 188 191 200 219 220 226 231 238 244 
2 8 9 12 15 16 21 24 36 38 46 54 57 60 70 74 76 82 88 99 102 108 120 126 128 133 136 149 156 160 164 176 182 207 208 219 224 225 228 238 243 245 246 
3 4 11 22 33 34 35 42 54 62 73 75 89 93 96 102 114 116 119 121 127 128 129 136 144 153 156 170 175 186 197 199 209 213 231 233 238 242 
3 6 13 19 28 41 44 72 74 82 84 93 108 116 128 135 140 142 144 147 152 163 176 188 200 201 203 208 212 216 217 232 233 234 242 
4 10 17 21 46 60 66 71 73 80 87 90 92 102 119 121 125 126 134 138 143 148 153 158 166 174 176 178 179 180 181 192 197 214 217 220 226 227 237 239 250 
8 20 39 52 79 98 103 109 116 120 122 137 139 141 142 151 153 176 214 218 235 241 242 245 247 
5 12 20 22 26 32 36 50 57 61 68 84 85 94 98 99 100 104 116 118 128 138 146 150 154 155 156 164 168 170 185 204 205 216 221 226 233 244 
13 18 27 28 31 33 36 39 47 49 50 61 68 77 80 90 95 106 110 124 125 131 141 142 146 148 149 150 153 165 168 181 204 234 237 240 245 
1 2 8 10 14 21 28 36 50 54 59 72 76 79 83 84 88 90 94 104 107 120 125 154 163 178 182 185 192 199 202 212 214 217 229 234 235 239 241 250 
1 8 9 13 20 25 39 53 54 55 106 110 111 113 118 119 123 133 144 151 152 155 164 165 172 177 183 186 188 198 207 214 218 228 231 237 240 242 
1 14 22 29 39 45 59 64 67 70 71 73 75 85 89 110 111 114 130 132 134 135 138 142 148 154 162 164 167 174 186 188 189 193 194 207 209 225 229 233 238 239 247 
10 15 33 36 37 41 49 56 57 80 86 102 103 107 108 120 130 142 147 148 155 156 157 158 171 173 182 188 196 200 202 207 209 213 225 228 241 249 
8 10 12 14 17 18 33 35 39 42 46 48 50 59 60 61 65 75 78 80 97 104 107 112 133 139 140 141 143 144 146 153 155 165 176 180 185 186 187 189 196 197 204 212 214 221 227 237 
5 18 23 33 37 46 55 58 66 70 78 82 88 94 100 102 111 112 123 133 137 151 152 159 172 177 181 184 190 197 198 200 205 221 225 234 
2 7 8 9 21 22 23 25 42 45 47 58 60 62 63 83 90 97 108 111 112 120 122 123 134 143 145 155 159 174 177 179 190 191 197 203 206 207 218 226 227 236 239 
2 3 26 28 40 43 67 76 89 92 98 105 107 108 112 115 118 119 130 132 134 138 148 149 160 189 191 203 214 224 233 246 250 
5 6 11 26 28 30 36 42 47 49 51 54 58 70 71 73 80 85 105 133 136 158 159 161 166 181 186 188 192 193 202 206 212 217 224 233 236 245 246 247 248 250 
4 16 34 38 51 52 58 61 65 67 70 71 74 82 87 100 103 106 108 110 113 115 119 123 127 128 130 134 136 146 152 155 165 170 180 181 185 195 203 220 225 227 232 242 
2 3 7 9 17 23 38 45 51 57 58 61 68 76 79 80 86 91 99 100 103 129 131 139 145 155 158 173 186 196 213 215 246 249 
13 16 24 34 44 56 60 64 90 95 99 106 115 123 131 134 137 143 146 148 160 183 200 207 220 222 225 228 232 233 236 250 
15 18 19 23 42 44 52 54 76 87 101 103 105 123 125 140 149 151 152 164 167 177 184 210 211 225 226 237 245 246 249 
3 6 15 16 20 21 26 27 38 48 49 54 61 74 75 95 96 97 101 102 105 110 111 115 123 140 153 158 165 169 171 174 182 184 186 189 193 194 198 204 208 210 216 236 237 244 248 
7 8 22 25 31 32 34 40 45 53 58 61 63 65 66 68 78 80 85 102 111 112 119 131 139 143 157 166 167 177 188 190 207 219 222 226 228 
6 20 21 27 32 35 37 42 43 44 46 60 61 62 64 79 91 93 108 111 120 138 140 147 165 166 168 200 205 207 220 226 228 
6 15 16 17 32 35 37 46 62 66 71 74 93 104 117 118 121 133 136 139 153 156 169 177 189 214 221 223 234 250 
7 13 40 42 45 61 66 67 84 86 93 102 103 119 125 131 139 147 149 156 165 167 176 185 194 203 223 227 228 232 233 248 250 
9 10 25 26 41 47 55 63 65 69 77 78 87 105 109 113 116 121 130 136 137 149 152 156 166 179 187 189 190 212 214 217 236 247 
1 5 16 18 20 29 34 36 52 54 59 61 73 78 90 91 108 110 113 116 129 136 158 169 182 183 184 185 187 201 202 219 220 221 222 225 227 237 241 242 244 
8 12 17 27 37 43 54 55 65 78 85 89 90 101 110 114 120 121 124 130 135 136 139 148 155 170 185 189 200 205 216 223 234 240 242 243 250 
3 10 13 15 22 32 46 47 56 60 63 71 92 93 100 114 120 124 135 139 141 142 157 158 159 163 169 170 171 177 197 202 203 207 210 211 214 219 228 229 248 
4 6 8 22 33 34 42 54 63 68 73 74 76 83 85 93 94 97 104 126 131 133 153 160 168 175 181 185 191 192 199 211 218 231 233 238 250 
24 30 49 58 59 61 62 64 71 77 83 89 90 92 97 104 107 117 124 127 128 143 144 149 155 177 183 190 195 197 198 205 206 207 208 209 221 232 238 
1 3 6 7 10 11 17 18 19 20 30 45 48 56 58 61 64 65 78 80 84 96 102 103 106 108 110 113 123 126 140 155 156 161 167 172 174 175 177 179 185 193 196 209 233 234 236 239 246 
5 15 17 19 25 28 33 35 38 41 46 47 48 50 63 64 67 68 87 88 92 93 98 109 110 111 112 113 116 117 123 127 146 148 150 156 164 167 169 173 177 183 190 194 204 211 212 221 248 249 
3 4 6 7 9 11 18 21 22 35 42 47 49 79 81 89 91 104 108 110 113 114 118 123 125 128 136 163 164 168 189 198 214 221 231 236 237 238 239 247 249 
28 35 38 44 46 50 53 59 60 61 63 66 70 80 83 84 87 103 109 111 113 117 121 139 141 143 144 154 158 163 176 178 179 184 208 210 211 217 220 223 227 237 247 249 
3 20 25 30 41 43 57 73 75 83 86 87 89 95 99 104 106 109 114 119 121 123 134 156 158 160 165 177 181 192 197 200 201 206 209 216 233 234 
7 13 14 15 17 20 24 32 37 41 42 54 59 61 71 77 98 105 107 108 112 122 123 127 132 134 136 149 154 165 173 178 190 198 206 210 231 237 240 245 247 248 
1 2 12 21 23 25 29 41 42 44 50 53 54 67 79 81 82 89 93 99 100 104 105 106 112 114 147 152 160 167 172 173 177 182 183 193 195 200 206 212 213 214 223 227 248 249 
7 21 26 31 48 53 54 81 82 85 86 93 94 95 105 107 117 120 132 142 145 146 168 191 195 201 204 209 210 219 223 240 242 
10 17 21 41 42 44 53 65 66 69 84 85 86 87 94 105 109 110 114 115 122 127 130 131 138 144 155 157 158 162 173 186 193 198 203 210 211 213 219 233 244 246 
13 16 31 43 52 68 69 71 81 89 98 99 104 105 106 107 115 117 119 122 123 128 129 132 133 137 156 159 167 185 189 190 196 202 209 214 221 222 224 245 246 247 
1 3 8 23 31 36 69 70 71 74 82 100 101 106 108 110 112 118 124 125 126 130 132 139 145 149 151 152 154 156 157 170 178 183 192 194 196 199 201 206 207 216 217 218 220 229 234 243 244 245 250 
3 9 14 22 31 33 36 38 51 54 57 64 87 89 91 93 112 113 120 123 127 129 130 137 138 140 145 172 178 180 182 196 205 217 221 229 231 232 235 249 250 
2 4 9 42 46 55 56 67 69 74 75 77 78 98 99 105 117 123 131 132 134 136 138 142 147 150 174 177 186 188 189 190 202 213 215 222 226 230 235 240 
7 15 16 23 24 35 39 41 59 72 96 103 105 107 111 113 116 120 124 125 131 134 136 170 171 180 181 194 205 206 207 209 229 232 236 
1 7 9 12 32 37 38 49 55 65 70 78 81 87 96 106 114 119 126 130 134 135 136 145 155 168 170 174 183 196 199 206 208 215 217 223 226 233 239 241 
1 11 42 44 47 49 57 63 66 67 69 70 74 76 81 87 89 94 97 108 113 118 120 123 127 129 137 138 152 154 163 168 170 194 195 197 205 213 216 226 233 236 239 249 
9 20 23 27 36 39 43 51 61 64 70 72 73 77 80 83 86 95 100 101 111 115 117 119 128 149 153 155 156 162 163 164 171 173 191 206 214 216 222 223 229 237 244 247 
7 10 15 24 45 47 48 49 50 51 52 66 68 71 74 76 96 98 100 107 108 129 136 142 152 153 155 157 160 164 167 176 185 197 215 220 221 222 225 242 246 250 
1 2 5 13 15 22 29 32 36 39 45 54 59 70 77 86 109 112 113 128 138 140 143 152 157 164 170 171 172 184 190 217 221 235 239 243 244 248 250 
2 3 11 17 27 29 31 33 40 42 45 50 53 60 62 81 85 86 89 91 92 93 104 105 106 108 109 113 115 116 119 126 133 140 153 154 155 168 170 172 177 179 189 199 200 205 206 209 213 218 223 227 228 229 233 241 
6 12 14 15 22 23 25 28 29 31 47 50 51 54 58 67 79 100 101 103 114 117 130 132 135 138 151 157 166 169 170 175 182 205 214 229 230 236 243 
3 4 6 10 19 23 44 54 57 60 65 67 72 76 79 80 92 97 106 114 117 126 127 144 154 159 164 174 181 196 206 209 210 211 215 217 218 221 222 240 244 246 
9 15 16 28 33 35 36 37 38 42 47 54 73 76 102 104 114 118 123 125 128 129 131 138 150 156 164 165 167 168 169 174 180 196 207 216 220 237 238 
3 6 10 17 18 30 33 38 41 49 66 74 89 103 105 109 112 115 119 125 145 156 176 183 185 191 197 203 208 209 211 223 225 226 232 242 243 248 
2 5 20 31 32 38 43 47 49 53 54 56 69 73 74 75 78 89 103 106 113 120 122 126 132 135 137 141 143 148 149 158 185 194 195 196 197 203 204 206 220 226 240 242 247 
31 34 35 41 42 55 62 66 67 72 74 90 99 113 115 119 121 126 136 141 149 153 158 173 174 178 185 189 200 207 208 210 215 222 223 232 233 240 247 
4 8 19 37 45 48 51 61 62 66 67 82 83 87 89 98 100 112 114 115 118 124 133 137 143 146 163 165 166 170 171 173 177 178 184 190 212 225 226 238 241 
3 26 27 30 50 55 57 79 90 91 94 97 102 112 116 117 126 161 172 197 201 211 213 220 224 228 230 231 242 
2 3 4 6 12 15 18 22 23 32 33 49 69 70 82 87 109 111 113 114 116 124 128 134 148 155 157 160 163 170 172 177 180 182 196 198 211 224 229 230 238 241 244 248 249 
5 9 11 15 35 37 39 43 44 45 46 47 73 81 84 85 88 96 102 113 123 130 141 149 154 159 167 178 183 185 189 193 194 199 208 221 236 248 
1 7 11 13 25 34 36 39 47 48 71 76 82 86 87 89 91 108 109 116 117 118 132 144 146 154 155 162 166 169 172 189 190 210 213 221 228 233 238 245 247 249 
5 6 7 34 41 51 55 67 69 75 82 100 101 118 124 128 136 138 154 160 169 173 175 184 190 192 195 198 202 204 209 210 218 220 235 236 237 238 239 241 242 243 
8 14 16 24 25 32 64 65 66 68 70 73 74 88 89 96 98 99 100 106 109 116 117 118 121 129 135 146 155 161 171 183 186 193 196 197 209 217 219 220 224 230 233 241 242 243 246 247 
2 7 9 22 27 28 49 53 59 60 61 62 68 77 85 91 98 113 115 119 128 130 141 145 151 155 157 161 163 164 168 173 178 182 191 193 198 201 206 212 213 215 216 218 221 222 223 224 225 237 244 245 248 
3 6 10 15 20 22 26 29 32 36 38 41 43 46 47 51 53 58 61 62 64 65 69 76 78 82 87 95 112 115 116 119 122 124 126 135 152 153 164 168 171 178 186 187 190 191 202 206 208 209 210 218 221 238 240 244 
1 3 7 9 11 24 26 27 35 63 66 71 77 84 90 94 96 97 100 101 107 114 141 161 162 167 171 172 176 185 188 197 203 206 215 221 233 234 239 
5 10 12 31 34 39 40 42 45 54 60 62 64 66 75 84 92 93 95 104 115 122 123 144 149 159 160 170 179 205 207 211 216 223 226 232 240 249 
2 10 29 37 40 46 52 56 65 77 79 84 101 107 128 129 133 137 139 147 155 160 166 169 184 187 189 205 207 216 222 224 237 240 248 249 
2 19 20 21 25 26 37 40 44 47 56 57 58 64 75 77 79 82 83 101 111 116 121 147 150 168 172 177 189 192 215 219 223 232 243 248 
12 36 40 41 49 51 54 56 65 76 84 86 91 94 103 107 122 128 130 146 152 153 159 177 178 181 186 199 200 221 225 228 229 231 238 239 
2 3 10 12 22 28 31 34 42 45 48 52 53 56 58 59 68 74 75 81 84 103 107 112 125 134 140 146 154 158 165 172 177 180 185 188 191 200 204 215 216 218 238 241 
1 18 20 22 32 52 54 55 62 66 86 90 111 114 115 118 127 137 146 152 157 159 167 170 176 177 182 188 194 209 211 216 222 225 231 232 245 
4 10 14 25 28 58 69 70 71 78 79 84 89 91 105 111 130 134 136 143 144 145 155 163 179 185 187 191 203 204 207 209 211 213 220 224 236 246 
2 10 13 22 26 41 46 58 63 67 70 75 83 95 97 110 116 141 142 148 149 151 159 165 168 178 189 190 205 214 218 223 225 226 232 234 240 242 243 
3 17 20 26 28 34 36 39 44 50 71 76 79 82 83 87 91 100 105 128 132 147 157 162 165 167 176 177 187 191 201 213 221 224 225 232 235 242 244 246 249 250 
2 5 11 25 30 31 32 35 44 65 71 72 73 79 87 92 97 98 103 109 114 120 128 129 133 140 147 151 152 159 160 164 169 180 183 194 207 215 222 224 228 234 238 239 241 
19 22 28 33 49 50 58 61 71 72 78 79 105 116 126 142 155 161 162 173 192 194 196 199 202 205 208 219 222 224 225 230 231 240 242 247 
3 19 26 37 47 49 54 57 58 70 77 81 85 92 114 124 137 147 149 157 167 172 173 175 194 197 198 210 214 217 218 227 231 232 248 250 
6 7 15 26 39 40 56 57 63 67 68 75 81 85 89 92 98 110 114 119 121 122 138 143 145 149 156 158 159 170 178 190 194 216 221 236 237 242 248 
1 2 20 25 35 39 45 56 60 74 76 77 79 84 93 96 102 120 121 123 129 138 143 165 171 172 179 182 186 189 191 195 197 208 236 239 243 249 250 
7 14 18 32 44 61 65 66 67 70 78 80 82 107 109 114 119 123 125 133 134 135 144 158 159 160 189 190 200 205 222 223 229 234 240 248 
16 37 38 42 57 60 70 71 78 81 83 84 86 89 90 100 103 104 112 118 120 121 123 132 134 136 137 141 146 150 161 164 174 183 187 191 193 204 236 
1 10 18 30 34 38 40 43 46 55 72 73 74 78 83 96 97 98 104 105 108 113 114 120 126 127 152 166 168 171 172 178 180 182 189 194 200 209 210 219 237 239 240 
12 13 15 16 17 28 30 32 36 45 48 52 53 54 58 62 64 66 69 70 83 94 101 112 114 121 122 124 132 137 145 148 151 180 186 193 196 204 210 217 220 230 248 
1 2 4 7 17 26 29 55 56 76 83 88 90 93 99 101 107 108 112 128 129 144 152 154 166 176 193 194 202 219 220 228 234 
2 7 19 20 26 39 49 52 68 85 86 88 101 113 125 133 140 143 145 147 149 152 154 160 164 167 169 173 177 184 204 206 209 226 242 
2 10 20 24 29 32 36 37 51 55 56 64 70 73 87 91 102 108 110 121 132 135 140 141 149 154 159 163 165 172 178 184 189 190 191 194 196 204 206 208 212 218 223 238 239 240 
12 22 27 29 33 35 48 62 64 66 69 70 88 104 131 136 137 139 150 155 163 179 192 201 218 223 224 225 238 248 
3 9 12 17 36 39 42 49 54 56 82 112 120 134 139 148 150 164 170 180 186 189 191 192 206 209 231 237 244 249 
9 27 36 42 44 64 69 75 80 101 106 107 119 120 130 132 137 146 160 161 167 180 183 184 194 205 209 213 231 235 248 
2 8 24 28 30 39 45 49 51 53 56 59 63 65 71 73 78 81 82 92 105 106 120 121 122 125 126 137 138 149 155 159 162 168 169 172 190 193 194 196 209 211 215 218 228 230 249 
3 12 35 36 40 41 45 52 66 67 69 72 79 81 84 89 93 95 97 108 109 126 130 144 147 148 153 160 168 172 174 177 179 180 182 183 190 199 204 209 210 214 231 244 246 247 
1 9 12 17 21 23 25 26 36 40 51 54 63 67 76 88 94 95 98 124 130 134 141 156 158 188 190 199 200 201 214 218 228 230 235 236 240 243 245 250 
13 15 19 21 36 37 47 48 55 72 82 92 94 97 104 105 110 113 121 126 133 139 145 148 151 159 163 168 175 181 183 185 193 194 199 209 213 218 219 224 225 227 234 249 
3 8 15 27 32 38 43 44 48 69 78 79 95 102 106 111 118 119 123 126 137 138 142 147 156 164 165 167 169 183 201 205 208 229 231 237 238 241 242 244 
1 4 11 21 44 50 93 96 99 101 105 124 126 134 135 141 149 159 164 168 174 176 178 183 192 200 205 211 214 218 221 222 232 233 
10 15 21 48 57 65 74 78 89 100 101 114 117 118 119 122 123 124 130 132 140 145 152 162 171 173 186 198 199 202 207 212 220 221 227 228 230 235 237 244 
3 17 36 38 41 45 46 61 62 69 71 83 93 101 117 120 122 130 136 138 139 153 156 170 195 199 205 225 231 233 
25 27 30 33 54 58 61 66 67 72 81 85 104 110 115 122 123 131 132 134 139 142 144 151 153 156 160 164 165 175 177 180 181 184 195 196 210 214 216 223 226 228 235 238 247 
5 7 15 25 48 49 64 72 83 90 105 109 110 112 120 129 130 135 137 150 151 159 170 176 190 197 213 214 242 243 245 247 250 
2 4 20 25 27 36 37 39 41 52 63 76 82 86 93 104 116 118 125 126 129 155 165 169 179 186 188 192 198 202 211 213 215 218 247 
1 7 22 38 48 53 74 102 104 124 135 151 167 172 179 192 198 199 207 211 215 227 232 234 235 237 
20 27 30 38 41 43 47 50 51 58 66 73 75 76 77 84 97 107 121 127 139 145 148 158 169 173 178 179 184 196 210 213 214 215 218 231 239 
1 19 23 33 34 37 39 45 66 81 85 86 92 94 96 101 103 104 105 108 110 116 123 130 132 142 143 144 145 148 159 165 172 181 183 195 198 200 201 202 228 237 244 246 249 250 
11 14 16 17 23 31 45 50 56 70 72 76 80 107 109 114 115 129 130 133 137 138 143 147 152 156 160 169 176 182 190 208 217 218 225 247 249 
4 6 7 8 11 13 19 32 37 39 45 52 53 60 62 63 76 86 98 104 107 123 140 146 153 161 165 174 175 176 183 195 203 210 211 212 214 215 216 218 223 228 230 240 242 
6 7 8 9 10 22 24 28 30 31 34 41 44 50 58 59 76 84 89 115 117 126 132 144 149 156 157 162 163 165 172 190 191 194 206 207 209 212 215 238 241 242 244 248 
6 13 18 32 35 38 49 53 68 76 79 85 88 89 102 108 117 125 143 167 172 177 182 187 190 205 229 231 245 
6 7 8 12 17 20 23 26 28 29 38 40 45 46 53 57 60 61 69 70 71 73 80 83 93 99 110 115 124 132 137 145 153 156 165 178 181 191 195 197 201 207 209 217 221 222 226 230 232 
1 7 22 32 34 37 42 55 72 81 91 99 103 105 110 114 118 127 133 136 149 155 163 165 167 168 169 177 179 194 195 200 203 213 214 226 238 242 245 250 
1 2 7 20 21 27 44 60 65 70 71 72 85 92 93 99 107 122 130 135 141 159 160 163 172 176 189 203 209 211 213 231 241 242 243 
8 10 14 21 27 38 47 58 59 64 69 72 78 80 84 89 97 99 100 102 104 113 121 127 128 129 133 139 144 146 167 191 196 201 204 220 243 245 247 
1 19 24 31 32 36 53 70 72 74 81 82 84 88 90 93 112 116 136 138 143 153 157 162 170 174 192 194 203 207 209 211 219 220 232 233 242 
4 5 14 22 29 32 34 35 54 57 58 71 72 84 98 99 138 141 146 148 155 181 189 191 197 201 203 205 216 226 228 229 250 
8 9 21 36 38 52 55 70 72 75 81 82 83 88 94 116 139 144 145 166 174 198 205 207 212 213 215 221 230 232 238 239 241 243 244 247 
10 16 24 27 30 50 53 54 58 60 63 64 70 71 82 84 87 93 96 98 100 106 113 116 123 129 133 134 141 142 147 153 154 156 160 162 184 187 200 202 204 214 217 220 228 229 230 232 235 239 
2 10 16 20 21 22 34 35 37 40 44 52 55 62 69 70 85 86 94 98 103 105 109 113 116 122 130 134 135 138 147 152 154 160 164 165 166 173 178 180 181 203 210 215 218 222 223 224 227 242 248 
5 6 12 13 16 20 38 45 54 72 86 87 102 111 120 127 137 138 144 146 148 153 155 160 162 180 182 185 187 193 195 196 206 211 217 229 230 
3 13 32 35 43 47 51 57 76 80 88 102 108 114 135 142 150 161 162 169 174 175 186 194 199 228 229 232 241 
5 6 10 13 18 27 30 33 35 46 51 60 64 82 88 93 104 110 112 133 136 137 155 157 158 164 167 191 195 204 211 212 214 215 217 221 231 250 
11 20 31 43 46 54 60 71 82 93 97 105 114 117 119 128 133 145 149 150 151 152 156 158 160 163 164 167 180 183 186 192 198 202 213 221 224 232 238 247 250 
3 8 15 24 32 34 39 49 50 89 103 110 111 119 128 135 153 171 172 177 179 182 183 191 193 199 203 218 221 223 224 225 244 246 
3 4 12 26 30 31 37 38 52 54 58 83 84 90 104 113 114 115 118 125 126 128 132 136 150 157 160 164 172 176 185 191 209 212 225 226 230 238 244 
7 15 31 43 45 46 70 74 76 84 85 86 101 103 108 119 121 127 128 131 136 139 151 153 173 182 187 198 201 211 213 214 223 233 
31 36 42 49 55 65 69 81 85 93 103 106 109 112 132 135 137 151 170 174 175 177 188 194 197 200 204 211 213 225 226 231 233 
3 5 9 10 12 15 29 43 46 52 59 71 74 80 102 114 118 123 133 143 150 165 166 167 170 171 175 192 195 210 218 222 223 226 228 250 
23 25 30 36 39 63 70 72 75 83 85 91 95 100 108 110 123 129 143 144 154 156 166 169 177 183 189 198 201 202 208 209 216 220 221 231 233 236 240 244 
14 23 24 25 35 41 44 53 55 56 61 70 75 99 108 111 114 131 137 148 161 166 168 177 182 185 187 197 200 208 218 221 222 223 224 232 233 237 
13 26 43 51 55 58 59 62 69 80 83 88 99 101 113 116 135 138 150 158 170 174 177 189 194 200 206 207 209 218 222 224 230 232 238 244 
4 5 10 18 36 40 48 55 75 86 87 89 97 101 112 127 128 139 146 179 183 184 186 187 190 195 214 216 219 224 225 227 235 237 242 247 248 
6 24 26 30 34 37 38 40 50 54 61 70 78 79 84 93 105 111 128 135 144 146 155 157 159 160 165 185 189 193 198 218 229 236 237 
7 9 25 27 45 46 51 60 61 63 78 85 95 100 103 115 117 119 123 124 140 141 147 150 154 163 168 169 171 181 187 188 214 217 220 230 233 241 247 248 
3 7 12 13 15 19 23 30 33 37 38 42 61 66 86 88 103 108 109 110 114 117 118 120 123 125 128 137 138 139 159 160 162 180 191 202 220 222 223 229 247 250 
3 13 14 17 22 27 29 30 32 40 45 48 49 59 60 63 65 67 70 73 81 82 83 86 91 94 95 101 103 114 117 126 129 140 141 146 149 170 175 180 182 186 188 202 215 235 239 241 
12 13 21 28 29 34 47 49 51 53 62 73 75 93 103 107 118 127 129 133 138 150 153 160 168 178 200 201 214 217 223 228 234 238 240 246 
7 19 24 33 40 42 49 58 70 74 82 83 103 104 108 111 113 117 123 125 127 135 136 138 145 146 156 159 162 163 164 165 167 180 182 184 186 196 200 202 216 224 228 234 244 
6 7 11 28 36 41 51 54 55 59 63 68 92 93 101 107 109 111 112 125 129 134 135 138 151 156 157 165 172 176 179 190 199 212 222 228 239 244 247 249 
2 4 19 20 21 22 24 45 46 48 57 58 60 92 101 102 105 107 112 125 127 131 132 140 145 146 164 169 174 175 179 184 186 191 193 197 198 212 215 228 238 
2 3 4 9 14 15 29 37 43 47 52 53 57 60 65 68 75 80 84 88 98 105 110 130 137 160 170 179 180 188 193 196 210 211 214 216 221 223 232 235 240 249 
5 6 15 16 21 29 36 40 43 59 62 63 74 83 90 110 112 116 119 123 131 134 137 146 148 163 167 173 174 176 183 184 188 194 197 198 217 235 237 238 242 
21 24 39 43 54 58 76 77 80 81 84 87 96 98 101 106 110 113 120 124 147 151 165 166 169 172 173 176 179 183 189 193 197 203 205 208 212 215 217 225 231 245 
8 12 13 15 16 17 19 25 26 33 36 44 52 57 90 116 118 121 125 129 137 139 142 144 149 164 174 175 176 179 180 188 190 193 207 211 214 224 230 231 237 239 242 249 
4 10 23 29 40 41 42 43 49 58 61 62 64 65 66 75 78 93 100 108 114 119 120 126 137 140 141 144 145 152 172 179 187 200 203 209 212 231 233 239 245 247 248 
1 7 11 13 16 29 48 50 52 56 63 65 66 68 75 76 80 88 98 107 114 115 118 122 125 136 151 157 178 182 189 191 193 205 208 213 214 222 235 237 238 239 
5 16 62 67 77 81 86 102 114 123 125 135 137 138 144 147 151 160 161 164 166 167 169 174 176 178 179 190 195 199 201 202 204 221 230 234 242 244 
13 25 26 27 28 34 37 43 46 51 52 58 65 67 70 72 73 94 99 101 111 112 136 142 150 156 158 167 186 203 228 235 241 
1 11 13 20 21 22 26 28 35 36 48 59 72 76 89 91 95 99 107 114 121 126 128 131 135 136 146 157 158 170 185 186 189 200 205 206 227 228 245 248 
7 18 24 27 30 32 37 52 58 61 62 68 71 78 84 85 96 99 103 105 106 113 115 121 122 125 133 134 137 138 139 143 148 152 169 170 182 188 193 194 195 200 201 212 218 223 232 247 250 
11 15 17 25 41 45 46 56 61 65 91 94 99 113 116 120 121 125 129 137 141 145 149 150 154 169 182 190 199 201 202 206 210 217 227 234 240 241 
3 12 17 18 19 28 30 33 40 43 44 45 55 59 60 96 97 100 107 110 111 118 120 123 127 129 137 140 142 147 154 160 161 172 179 190 195 197 199 201 206 208 212 221 228 235 237 239 
4 9 10 14 37 39 45 49 62 73 87 88 113 131 132 136 137 141 146 148 149 150 161 167 190 194 195 201 202 203 209 215 225 245 
18 39 43 47 50 51 58 61 63 73 82 83 85 89 91 92 99 121 127 130 137 143 145 147 148 150 161 167 171 178 195 196 198 203 214 224 237 250 
4 11 15 39 47 53 58 59 61 72 76 78 86 92 94 95 116 118 119 127 128 130 140 147 159 172 182 183 187 196 198 199 239 249 
1 5 11 22 38 51 54 56 63 64 66 76 84 86 89 97 99 107 110 123 151 167 170 175 190 203 220 222 232 237 241 244 245 246 250 
12 13 14 22 29 34 37 40 73 81 83 91 94 95 97 101 123 131 134 143 149 158 164 166 170 172 177 179 187 189 192 199 208 209 210 211 219 220 223 235 244 
6 29 32 33 34 36 43 53 58 62 65 68 80 82 101 114 115 117 120 123 124 132 143 154 168 181 187 189 191 192 204 206 230 233 
1 3 13 20 28 33 34 36 37 39 42 47 57 59 60 64 116 124 131 132 136 150 157 164 166 170 179 182 188 189 191 196 202 205 215 218 229 234 238 
16 21 29 32 37 43 47 60 61 72 74 81 102 106 109 115 131 143 145 150 151 162 163 165 168 171 176 181 184 193 198 200 214 215 216 234 237 
13 14 21 29 31 33 36 38 48 51 52 65 67 75 89 91 97 103 115 117 127 129 140 142 145 147 148 151 169 175 182 186 188 189 192 194 201 202 212 221 227 235 238 242 245 250 
2 7 11 19 20 25 27 34 46 69 74 75 78 82 87 88 91 97 102 104 108 112 118 119 123 129 134 136 139 169 171 186 197 198 200 201 205 216 229 248 250 
17 21 37 46 63 67 75 79 80 85 96 100 104 108 114 139 147 149 154 158 167 175 208 209 218 222 230 231 236 243 244 
9 14 31 47 50 54 77 80 115 116 122 135 148 163 166 170 172 175 189 203 207 212 213 217 219 223 228 232 237 238 
2 6 7 10 17 20 28 35 41 43 53 57 58 67 86 88 91 93 98 104 106 117 119 124 133 135 146 152 153 155 166 200 204 234 240 242 
6 15 18 29 47 54 64 76 79 81 84 92 93 99 106 107 109 120 126 135 137 141 152 156 162 168 170 175 177 201 203 204 213 215 217 223 225 227 231 235 238 239 248 
2 3 12 53 59 61 63 68 72 73 74 82 102 103 106 126 130 132 134 135 138 143 144 149 160 161 168 172 180 183 188 194 196 202 208 211 213 217 230 232 235 237 239 248 
1 2 5 11 15 17 34 35 39 40 44 46 55 56 57 62 66 70 71 76 80 82 86 104 106 118 119 122 135 139 143 149 153 156 160 176 188 189 207 210 215 216 217 223 226 237 238 245 246 248 
4 12 23 34 35 42 46 60 63 68 69 79 81 100 109 111 116 125 128 129 138 140 141 147 150 154 156 160 166 179 200 208 212 222 236 
3 5 10 29 31 38 50 53 55 56 59 65 69 77 80 83 99 118 123 130 132 135 136 144 149 168 180 184 188 192 205 207 219 222 227 242 
1 2 3 17 18 19 21 33 34 40 42 44 47 53 54 64 74 75 77 81 89 99 100 111 121 127 128 131 135 136 147 148 150 152 159 168 173 179 180 183 184 186 190 203 213 215 218 232 236 241 247 
5 7 15 17 24 27 32 54 65 71 73 100 114 122 124 127 135 136 142 147 153 166 173 184 185 188 234 244 
4 17 19 26 27 30 37 39 43 48 55 56 67 69 72 78 93 99 112 114 120 122 125 132 137 138 148 162 165 168 170 177 180 188 195 196 200 202 209 210 218 227 228 234 243 250 
3 6 9 10 14 23 29 31 38 51 57 61 73 77 79 88 92 109 113 114 134 137 145 166 173 181 183 185 214 216 220 224 227 232 239 
2 6 16 21 33 57 68 73 87 88 90 92 104 112 113 121 125 136 146 148 165 177 195 208 227 239 
8 19 21 24 27 36 43 46 49 54 55 62 77 82 88 98 106 107 109 113 120 128 129 134 136 150 165 172 173 174 178 185 188 194 203 205 206 210 216 221 242 
4 19 21 25 30 47 58 61 63 88 93 97 101 105 109 110 122 127 132 133 137 141 142 151 152 154 157 161 163 180 190 203 205 216 220 233 237 238 239 249 250 
1 3 15 25 33 38 43 52 54 62 64 69 70 83 90 92 105 106 107 110 115 119 132 134 140 141 148 153 162 164 167 177 178 210 212 215 226 248 250 
5 11 26 27 31 43 49 53 61 62 66 68 76 80 87 88 91 96 97 100 102 114 115 121 122 148 151 153 166 173 177 183 187 193 194 199 206 221 225 227 232 233 244 248 249 
