500 1223
44 191 275 398 455
14 81 261 348 383
217 287 432 489
285 314 460
24 97 241 384
26 29 68 214 288 290 315
45 107 238 429 469
34 146 171 207 216 257 268 469
213
107 285 372
312 425 477
241 438 443 450 472
15 51 204 210 213 266 311 322 408
2 77 219 448
13 26 136 338 398 407 495
29 157 245 279 441 475
70 105 142 453 466
244 264 307 348 397 455
247 281 303 377 389 417 492
61 85 101 141 311 362
40 197
366 442
188 259 436 477
5 150 261 303 308 314 350 353 432 462 477 485
28 175 212 309
6 15 63 148 330 351 357 418 428 497
188 201 243
25 133 141 151 262 352 396 476
6 16 319 344 371 398
41 100 271 277 322 363 381 432 441 467
76 88 333 462 490
334 355
71 244 263 288
8 141 301
212 251 316 356
94 145 267 290 311 456
65 200 238 279 353 363 373 462
146 205 209 212 279 349 418 449 473
226 245 246 408 464
21 497
30 60 217 310 469
125 133 183 238 258 299 396 459 492
164 168 313 377 446
1 64 107 241 360 375
7 104 197 232 267 274 426 464
70 119 244 291
217 246 326 430 468
194 294 487 491
277 371 405
277 316 351 360 392
13 63 149 198 238 294 371 403 442 445
88 203 207
61 156 185 226 415 431
80 139
59 64 185 202 325 405
69 77 274 292 343 403 449
86 117 127 141 164 209 221 351 353 419
126 203 220 307 313 436
55 155 224 267 271 479
41 184
20 53 75 93 102 259 431
171 264
26 51 82 111 124 217 256 371 393 493
44 55 190 208 240 280 394 410 496
37 192 203 367 408 459
253 287 441 457 474
226
6 152 258 397 436
56 201 456
17 46 123 130
33 154 174 185 316 373
150 157 198 321 338
83 119 181 372 433 480
184 259 288 364
61 148 318 374 430
31 174
14 56 99 241 261 311 410 430
181 229 233 246

54 336 442
2 252
63 168 229 257 325 443
73 112 118 183 219 322
335 340 363
20 137 289 327 424
57 152 193 213 267 338
264 277 372 373 453 479
31 52 185 303 383 417 497
133 450 452
105 171 246 425 453
164 293 404
182 423
61 137 317 371 457
36 280 462
190 223 287
162 364
5 256 306 454 496
106 281 295 364 386
77 100 198 314 343 415
30 99 146 147 329 358 397 416 464
20 171 197
61 241 271
182 216 360 374 392
45 140 316 328 349 405 500
17 90 142 237
98 397 424 473 495
7 10 44 122 141 269 428
193
247
237 243 293 439 441
63 374 441 450
83 118 162 274 371 465
321 414 494
180 235 292 344 437 472
140 193 261 295 358
169 181 211 346 418 445 481
57 162 293 454 499
83 112 226
46 73 163 186 465
300 380 388 415
137 282 372
107
70 223 233
63 211
42 153 169 244
58 275 320 344 441 468
57 254 312
275 301 407
287 295 335
70 423
136 249 276 293 397 458
167 171 235 243 318 472 493
28 42 89 175 182 303 430 458
266 378 425 466
411 414 426
15 131 263 328 337 373 420 468
85 93 121 178 396 428 443
155 197 206 229 268 279
54 198 332 336
104 115 282 397 496
20 28 34 57 107 283 412 413 481
17 105 223 313 449
207 247 255 429
167 176 299
36 213
8 38 100 182 299 399
100 189 279 319 348 488
26 75 242 401
51 254 303 305
24 72 364 446
28 222 245 307 334 394
68 86 199 241 399 463
125 157 162 379 438
71 182 267 341 388 407
59 138 172 384
53 170 277
16 72 153 176 242 290 330
268 335 419

192 480
184 194 233 292 440 459
96 112 117 153 479 487
119 270 310 321 356 417 450 492 497
43 57 91 347
374 393
223 352 356
132 144
43 82 251 342 472
116 125 198 279 361 373 407 484
156 209 383 391
8 62 90 101 132 322 329 363 390 443 492 495
155 211 265 350 386
243 246
71 76 217 218 249 255 338 479
25 133 402
144 157 207 369 492
237 265 332 441
137 237 309 484
250 317 344
114 200 299
73 78 116 231 278 324
92 103 133 146 154 237 288
42 83 197 316 319 348 363
60 74 161 201 241 405
53 55 71 88 209 276 319 346 351 376 482
119 326 364 419 479
389
23 27 191 369 376
147 493
64 95 191 314 344
1 188 190 229 284 359 464
65 160 199 292 323 368 489
86 108 115 266 286 322
48 161 241 394
204 261
246 353 417 491
21 45 101 138 183 203 303 305 370 427 499
51 72 99 139 169 376
152 192 323 462 483 491
37 180 274 284 328 363 431 445
27 69 184 303 326 340 425 452
55 276 306
52 58 65 197 249 317 441
13 195 353
38 232 318 319
138 223 469
8 52 143 176 366 490 498
64 388 394 462 465
38 57 170 185 356 404
13
116 124 172 298
25 35 38 375 448 481
9 13 86 145 263 294 318
6 229 280 317
245 270
8 103 279 381 422
3 41 47 63 174 360 374 418
174 377 494
14 83
58 415
57 300 446
151 236 252 318 449 500
95 123 142 166 206 297
59 378 425 437 459

39 53 67 118 250 264 283 494
374
277 355
78 82 138 191 214 298 436 450

181 374 391 471
45 205 310 347 363 445
78 123 161 330 409
290 336 470 472
114 132 239 262 278 279 456 489
222 274 372 423 469
105 110 177 178 182 361 382 454
7 37 42 51 258 458
235 267 357 363 453 475
64 460 465
5 12 44 77 102 152 184 194 251 288 316 325
148 157 245 305 376
27 110 132 173 280 324 344
18 33 46 125 289 395 440
16 39 151 215 242 335 383
39 47 78 90 173 196 252 308
19 109 143 351 405
346 349 448 459
131 174 203 348
179 226 270 418 439
35 168 241 305 419 444
81 222 246 290 321 345 367 470
66
127 149 308
143 174 415
63 97 390 417
8 82 259 273 296 471 493
42 68 238 359 476
23 61 74 257 300 346 350 353

2 24 77 115 195 264 455
28 235 277 341 347 401 438
33 136 213
18 62 87 226 261 300 303 369 391
172 177 269 440 460
13 134 193 461
36 45 59 86 154 239
8 138 158 372
107 265 310
163 215 250 368 443 484
30 59 102 405 434
281 324
257 399 430
45 56 112 200 236 286 485
1 126 128 380
131 185 202 392 480
30 49 50 87 156 228 262
181 235 330 430
16 37 38 138 147 169 216 235 395 418
64 94 214 243 347 498
19 98 272 301 312 381 398 426
121 140 343 454
141 226 308 450
191 200
4 10 379
193 274 382 393
3 66 95 129 394 482
6 33 74 182 241 308 335
85 244 360 453
6 36 157 234 252 340 440 500
46 438 457
56 114 161 192 317
91 110 117 131 299
48 51 213 392
98 115 129
257 380 389 427 433
223 433
211 229 345 449
42 144 146 180 293 379 448
120 221 259 264
34 128 281 337 355 437
360 478
19 24 88 133 149 197 201 264 417
436
149 197 242 251 421 465
97 202 451
18 58 151 361 418 428
24 246 254 283 288 355 429
25 178
41 163 232 269 460
13 20 36 77 393
11 127 281 412 426 439 442
43 58 142 418 424
4 24 99 190 386 425
6 411 456
35 50 71 104 183 241 403 439 455
93 179 203 214 292 347 401 421 475
75 132 205 213 222 366 479
29 147 183 185 205 336 355 492
126 384 389
72 113 163 252 328
13 30 83 171 193 460
192 199 327 364
181 243 272 450
55 82 241 466
47 186 201 372
85 323 333 375 390 396
104 136 200 321 426 456
100 171 413
26 157 233 278
500
139 177
31 327 360 431 443
32 151 392 407
84 129 158 245 288 400 455
80 139 234 319 420
136 301 469 490
15 72 86 174 422 436 442
422
84 201 290
154 262 443
168 418 419 436 458 491
56 99 282 431
29 114 126 179 190 243
252 298 397 425
116 185 248 259 361
164 232 262 280 317 353 357 395 468
2 18 147 183 249
38 104 248
24 172 259 382 452
26 50 57 185 247 457
28 166 381 481
24 37 57 196 204 259 347
359 377 467
32 228 301 308 319
35 163 166 209 386 398
26 239 347 397
100 115
191 258 354 414
44 50 103 217 289 302 333 392 454 475 497
169 237 307 346 372
20 429
30 37 84 171 183 200 232 239
74 96 98 150 186 323 414

22 207 318
65 252 370 401 414 425
192 270
176 188 264 436
197 367 371 451
29 49 51 63 93 112 370 427
10 73 87 121 236 268 326 361 390 423 431
37 71 87 136 169 433 474
75 103 111 165 217 227 231
44 212 327 445
185 188 198 242 397
19 43 218 354
134 224 422 440
153 285 299 450
120 275 296 454
30 216 281 352 401
237 286 350
2 88 170 245 461
5 155 320
386
98 172 314 356 385

120 154 208
19 187 296 320 495 498
171 256 327 372
170 231 264
50 103 276 294 334 360 416 491
63 165 286 311
64 151 194 208 287 402 470
244 279 347
28 42 137 327 424 448
18 68 100 106 131 140 345 357 376 445
1 15 29 281 356
146 152 273 440 491
335 432 447 489
148 262 317 367 381
175 394
51 56 316
91 209 422 468
49 55 104 184 247 271
422 457
15 128 154 169 334 475 482
13 39 65 413 427
233 411
64 77 421 429 476
135 315 409
141 312 496
141 329 408 441
113 135 359 364 367
53 99 120 220 255
100 392 421
19 88 163 196 256 303 461 480
26 38 116 217 250 279 307 313 342
57 158 186 251 342
136 336
305 317 410 416 434 457
216 338 339 378 404 406
92 130 236 372
85 106 313 396
11 90 134 201 224 314 345 367
45 135 281 312 328 499
197 296 371 408 450
26 107 137 307 482
7 143 308 362 410
47 75 77 133 273 278
53 61 200 333 343 372 486 499
3 24 30 400 468
73 296 297 373 457 493
271 421
496
23 58 68 229 304 338 342 369 439 442 471
114 224 301 452
12 153 262 291 477
110 250 312 316 436 448 492
161 244 265 290 378 399 485
16 30 66 110 111 126 177 203 413 452 495
22 51 80 312 338 436
12 82 137 171 270 333 341
251
51 116 200 232 375 397
43 150 221
400
14 212 248 299 396 439 474
38 56 142 222 298 474
12 89 111 163 229 283 324 379 427
306 370 468
89 201 350 437 441
17 87 90 239 289
97 117 237 282 360 380
1 18 261 316 335
36 69 235 315 328 495
66 93 291 351 406 421 433
131 133 238 342
42 65 161 224 248 460
4 240 265 310 322 459
266 383 417
24 31 37 94 199 208 476
152
39 45 100 191
112 119 208 240 305
17 134 325
30 354
47 126 136 347 404 432 451 481
7 8 41 206 236 337
234 252 394
231 257 436
12 114 132 168 234 487
38 106 476
66 373 448 449
16 239 317 360 407
28 258 410 462 473 477 485
11 23 24 438 476
302
59 87 162 174 186 318 481
73 160 276 417
116 141 212 352 468 479
185 287 407 428
199
169 178 270 492
24 274 440 476
431
48 162 472
147 497
3 192 235 400
31 207 337
48 196 199 342 392 399
19 42 163 171 176 319 439 484
63 132 189 257 433
113 218 226
15 106 171 389 441 456
64 97 140 412 435
26 40 88 163 360 488
207 280 389
117 197 426 431
104 222 290 331
