500 625
429
58 346 373 465
94 293 381 431 481
27 363 458
471
79
111 254 297
257 425 432
195 357
24 95

156 209 430
229 314
94 185 282 457 495
77 148 253 283
163 343
180 471
150 489
96 332
278
421 429
91 261
215 294
10 134 247 277 343
76 221 265
401
4 466 481
340
71
74 80 166 419
411 483
36 69 433
52
51
93 221 234 249 311
32 229 292 455 471
166
475

42

40 81

159 235 295
54 133 487
60 200
382 452
100 376
153 253

34
33 129 423
112 200 232
45 431 497
171 228 250 468
356 464
338
2 91 116 154
148 206 403
46
117 358
212 443
360 401

112

300 400
99 359 464
32 288 425
169 316
29 81 89 91 279
100 285
241 377
30 194 252 484
367
25 88 139 188 445
15 354
385 402 415
6 170 279 333 472
30 113 287 346 394 421
42 71 156 276
221 375
429 430 489
108 308 325 339 363
174 197
211 287 436

76 167 322 488
71 156
110
22 58 71 200 368 375 443

35 115 130 494
3 14
10 310 363
19 234 248 255 301 450 452 461 490
154 367 372 426
152 302 359 445 462
68 282
48 72
102 168 360 470
101
448
204 222 487
195 313

112 249
84 294 421
213
90 196
7 201 294
53 65 107 151 165 293 465
80 318 393
194 341 418
93 278
58 433
61 154 300
376
247 257 406 424
135 314 318
133 149 390
483
312 393
402 474
450 492
238 375

409
52
93 196 294 304 467
188

45 121 367
24
120 222 261 442
187 434
251 260 432
377
76 256 454
156 324
155 353
490
293 338

190 413
466

15 59 279 318
121 333 384 459
18 183 237
112 157 302 458 459
98
49
58 97 117 245 337
141 176
12 81 89 140 365 416 489
151 286
477
44 373 381 453
194 199 496
232
227 404
16 304 320
245 253
112 235 443 454
30 37 331
88 182 237
101 254 314 375 477 488
70
79 216 344 464
55 230 247
331 445
249 423
85
306 404
155 195 389 477

300 348 469
225 279
17
294 367 376 382
167 305 306
150 271
379 450
14 399
294 371
136 230 236 277 461
76 131 287
293 412 437
145 241 385
416
268 344
344 356 394
74 114 160 226 243 301
9 105 176 256 299
110 130
85 225 424

160 202 259
46 53 91
111 404
199

104 446 455
424
59 403 487

318 363 462
12 271 453

86 258 265 425
62 241
109 218 252 298 483

23 328 443
170 385

213

254 376
25 35 82 244 388 406
104 135
362 492

179 197 437 456 494
194 410 474
162
55 269 428 455
13 36
171 187 253 377 441

53 161 430

35 96
44 165 493
187 472
150 167 288 376
126 320 435
441
273
73 190 212 415 449

194 481
221 273 320
154 164 383 445 486
268
24 119 171 332
96 349 408
35 107 173
55
137 254 289 304 307
74 213 332 375
15 49 164 230 393
7 168 220 251 333 390
96 260 280 491
139 195 467
8 119
211
199 315 489
137 255 337 421 435
22 135
348

284 328
25 211

325 336
192 246 482
228 301 377 464
288 347 433
183 209

240 244
410
366 368
81 462
24 187 309
20 115 367 486
71 79 148 179 281
255 289 436
279 480
14 99 297 351 471 496
15 297 340
264 306
72
157
80 86 188 486
69 237 270 323 340 341
251 280 447
302
385 439 485
36 351
3 112 143 189 418 464
23 108 111 130 181 186 467
44 327 340

7 282 283 356 431 450
213
195 441
67 117 178 308
96 194 269
98 151 290 310 443
393 394
130 163 251 393 464
182 349
175 182 284
251 488
84 300
277 317 406
95 302 362
35
123 473
105 368
13 120 168
259 494
70 449
309 396
113 120 148 208 375 430 467
447
163 238 244

88 338 384
288
140 441 485
84 267 379 480
405
295 435
215 264 453 463


166 172
19 247 252
79 149 254 377
400 499
374
267 434 482
154 260 495
57 143 322 440
84
28 283 288 295
114 288
494
16 24 439
170 192 193

2 80 412
270
178 262 362 433
248 305
413
282 292 464
410
141
77

56 193 297 471
9
61 431 435 463
68 98 458
63 101 473
405 433 456 489
223 310 348
4 84 95 208

156
275 428
75 97 133 181 278
91 275 313

382
186 474
97 374 482
2 159 404 425
335 372 495
82 91 126 168 252 318 493
48 118 181 220 237
73 138 230 269 333
428
184 325
452
3 159
47 181 370
245 474
149 322 458
78 190 216 291 407 430
487

221
176 455
121 254
494
454 489
113 123 253 303 304
80 193 303
429
317


185 472
67 334
26 63
78 124 433
59 206
162 175 201 373
326 361
119 221 309
385
248
128
226 274 352 482 484
31
189 346
145 350
421 480
78 241
156 191 471

114 293
30

21 80 108 260 414 498
460
52 173
119 197 205
8 69 211 373 437
97 456
487
228 366 378 477
1 21 83 395
12 83 232 318 385
3 54 297 358
8 137
32 116 270 348 361 402
136 336
238 260 327 358
86 280 482 483
189 225 425

291 343
338
230 239 299 324
135
62 91 165 215 302

76 98 172 245
204
289 319
103
241 316
96 125 184 297 485

47 96 380
159 209 328
139 165 392 484
36 204 228 389 486
225 361 426
14
4 151 359 384
149 151
422
96 187 490
98 208 276
328 358
56 68 170 269 293 304 351 482
2 112 497
27 146
130 256 294 318
55 472
178
101
5 17 36 282 356 416
79 236 399 468
312 360
124 226 371 383
38

158 168 176 428 482


281 325 414
3 27 243
268 336 372 410 436 464 477
31 122 213 436
74 410 454
291 324 450
245 278 287 455
45 104 206 386 427
88 168 307
18 83 156 259 361 392
96 142 461
255
125 223
235 375
93 225 315 342 391
14 337 374
160 282
54 465
421
334

