62 166 
3 28 52 
9 29 35 49 
1 5 22 23 26 42 47 52 61 
17 27 34 39 48 
3 29 42 46 49 56 
18 36 41 44 
11 14 33 35 49 
15 29 41 46 61 
2 12 15 35 36 
36 37 42 44 
7 18 19 27 37 48 54 55 
9 14 22 28 60 
28 38 54 59 
7 12 24 45 
8 9 16 17 22 49 51 62 
15 23 31 40 44 45 61 
4 15 25 43 50 54 55 56 57 59 
6 11 
11 36 47 50 52 53 
25 28 38 45 62 
32 35 41 
3 12 15 33 36 37 38 
3 16 33 35 48 53 57 
14 37 
17 20 27 43 48 52 53 
3 27 33 40 41 48 51 
4 11 25 26 49 61 
1 12 13 20 32 44 53 
2 5 8 31 38 59 
41 53 60 61 
16 29 
21 28 45 
7 22 23 26 36 40 47 53 61 
4 
2 7 9 21 23 36 46 60 62 
6 9 10 19 22 33 35 38 
10 11 22 24 40 45 50 
13 20 22 29 36 
4 
16 26 33 37 55 
6 8 21 26 30 45 48 
3 5 10 
17 25 49 62 
6 10 16 28 51 
14 16 20 32 37 41 55 
5 8 35 47 
3 19 33 46 49 51 61 
4 11 23 25 26 41 57 
2 5 7 15 27 43 47 53 57 
17 19 37 
15 26 44 47 
1 3 19 25 60 
19 23 25 28 30 33 49 
11 13 17 56 57 60 
11 17 40 45 57 
5 17 54 
17 23 48 49 54 55 58 
57 62 
13 17 29 61 
12 30 35 52 54 
3 8 16 27 30 33 47 59 
15 20 35 43 58 
