62 89 
39 
15 36 45 

50 60 
20 31 33 43 49 
14 29 34 49 
16 
17 21 31 37 53 55 
17 34 41 53 55 56 58 
25 32 40 55 
21 
15 17 60 
62 
6 33 44 55 
2 12 45 
7 32 
8 9 12 43 54 
25 42 55 
30 
5 23 31 32 51 54 
8 11 28 53 
41 49 
20 30 36 59 
29 34 45 
10 18 55 58 
30 38 60 62 
30 45 
21 
6 24 
19 23 26 27 
5 8 20 
10 16 20 38 
5 14 47 
6 9 24 

2 23 
8 
26 32 
1 43 48 60 
10 54 
9 22 
18 
5 17 39 53 55 61 
14 
2 15 24 27 51 
60 
33 
39 51 
5 6 22 55 
4 61 
20 45 48 

8 9 21 43 62 
17 20 40 
8 9 10 14 18 25 43 49 
9 

9 25 59 
23 58 
4 12 26 39 46 62 
43 50 
13 26 53 60 
