62 298 
11 12 15 26 28 31 35 38 39 47 59 61 
17 22 38 40 44 49 61 
8 9 10 14 22 23 32 38 39 40 50 55 56 58 
8 11 16 22 24 25 27 38 44 51 52 62 
6 10 21 30 37 40 47 54 57 62 
5 12 14 15 17 24 25 31 32 34 43 50 61 
8 24 32 34 40 56 
3 4 7 24 25 32 34 36 45 
3 24 30 32 36 44 45 52 55 57 58 
3 5 12 25 33 51 58 61 
1 4 26 29 44 53 55 61 62 
1 6 10 16 32 33 37 40 52 58 
15 18 19 27 39 42 45 46 48 50 51 56 59 62 
3 6 28 38 45 47 
1 6 13 22 25 43 44 49 58 
4 12 24 28 39 58 
2 6 20 22 24 30 37 39 43 53 55 58 
13 27 31 37 39 42 55 57 59 
13 22 26 27 33 35 52 53 54 59 
17 34 46 48 51 52 56 58 61 
5 23 24 26 33 51 52 57 59 
2 3 4 15 17 19 25 32 37 56 
3 21 26 34 35 36 51 60 
4 6 7 8 9 16 17 21 25 29 33 34 38 41 46 47 
4 6 8 10 15 22 24 43 
1 11 19 21 23 28 31 40 43 49 50 52 62 
4 13 18 19 36 38 41 44 
1 14 16 26 37 38 42 
11 24 38 47 52 56 58 59 
5 9 17 41 43 46 51 
1 6 18 26 33 35 39 45 50 54 
3 6 7 8 9 12 22 52 57 
10 12 19 21 24 31 40 42 44 51 
6 7 8 20 23 24 36 39 40 47 50 51 53 54 
1 19 23 31 41 45 
8 9 23 27 34 42 56 62 
5 12 17 18 22 28 38 45 46 52 60 
1 2 3 4 14 24 27 28 29 37 39 43 60 
1 3 13 16 17 18 31 34 38 50 51 52 54 55 
2 3 5 7 12 26 33 34 41 52 61 
24 27 30 35 40 55 58 
13 18 28 33 36 43 
6 15 17 25 26 30 38 42 50 51 53 55 
2 4 9 11 15 27 33 61 
8 9 13 14 31 35 37 47 
13 20 24 30 37 53 60 
1 5 14 24 29 34 45 48 51 52 55 
13 20 47 52 54 60 
2 15 26 50 62 
3 6 13 26 31 34 39 43 49 62 
4 10 13 20 21 23 30 33 34 39 43 47 54 59 61 
4 9 12 19 20 21 26 29 32 37 39 40 47 48 
11 17 19 34 43 46 61 
5 19 31 34 39 48 51 56 58 59 60 61 
3 9 11 17 18 39 41 43 47 
3 7 13 20 22 29 36 54 
5 9 18 21 32 59 
3 9 10 12 15 16 17 20 29 41 54 
1 13 18 19 21 29 51 54 57 61 
23 37 38 46 48 54 61 
1 2 6 10 11 20 40 44 51 53 54 59 60 
4 5 11 13 26 36 49 50 
