62 569 
3 4 5 7 12 17 19 22 27 31 36 39 42 46 51 55 62 
3 10 17 22 25 29 38 39 41 42 43 50 53 
1 2 7 9 10 13 21 23 25 34 37 45 47 48 49 54 55 59 
1 5 9 11 12 14 15 17 18 19 20 21 23 26 27 29 30 32 33 35 37 41 43 45 58 
1 4 13 23 30 35 39 53 58 
7 8 11 13 20 28 30 32 37 38 41 44 48 52 57 58 61 62 
1 3 6 8 9 11 12 13 14 20 23 25 26 28 34 41 44 46 48 50 51 56 57 58 61 
6 7 12 15 21 25 28 29 31 33 34 36 38 46 48 49 54 56 59 60 
3 4 7 13 16 17 20 21 22 24 29 31 33 49 52 56 58 61 
2 3 15 24 25 28 31 34 38 41 46 49 55 58 
4 6 7 12 18 21 30 34 38 41 43 49 50 51 54 56 57 
1 4 7 8 11 14 16 19 20 21 22 23 28 35 39 41 42 43 48 50 52 57 
3 5 6 7 9 14 16 17 18 19 20 21 24 28 31 32 34 36 42 46 53 54 55 57 58 
4 7 12 13 16 18 19 20 21 23 27 28 33 34 41 45 51 54 55 56 
4 8 10 20 24 29 37 40 42 46 47 48 51 56 57 61 
9 12 13 14 19 22 23 28 29 30 33 36 43 44 47 49 52 54 56 57 58 60 61 
1 2 4 9 13 18 26 32 33 35 36 41 45 46 52 53 56 57 
4 11 13 14 17 19 21 24 26 34 38 40 41 42 45 47 48 49 50 53 59 60 61 62 
1 4 12 13 14 16 18 21 22 26 27 29 30 31 32 34 35 42 46 47 49 50 51 54 61 
4 6 7 9 12 13 14 15 23 27 29 31 32 37 39 41 46 50 53 56 59 61 
3 4 8 9 11 12 13 14 18 19 23 27 28 34 38 41 42 43 44 46 48 49 50 53 54 56 58 60 
1 2 9 12 16 19 25 34 40 41 42 49 51 53 56 60 
3 4 5 7 12 14 16 20 21 24 27 28 32 33 36 37 40 54 56 57 60 
9 10 13 15 18 23 25 28 29 32 35 37 44 45 49 50 53 54 55 56 59 62 
2 3 7 8 10 22 24 26 28 31 34 35 38 52 54 56 60 
4 7 17 18 19 25 28 32 33 39 44 46 48 49 50 52 55 57 58 59 62 
1 4 14 19 20 21 23 28 29 30 31 34 41 46 47 52 54 56 57 59 
6 7 8 10 12 13 14 16 21 23 24 25 26 27 31 32 36 45 47 54 55 
2 4 8 9 15 16 19 20 24 27 30 36 37 38 39 48 53 55 56 58 59 
4 5 6 11 16 19 27 29 33 34 36 39 40 45 51 52 58 59 60 
1 8 9 10 13 19 20 25 27 28 34 35 36 44 47 49 58 62 
4 6 13 17 19 20 23 24 26 28 33 35 36 39 47 48 54 55 59 60 62 
4 8 9 14 16 17 23 26 30 32 39 41 42 43 57 60 
3 7 8 10 11 13 14 18 19 21 22 25 27 30 31 35 38 39 40 43 48 51 54 55 60 62 
4 5 12 17 19 24 25 31 32 34 47 53 55 57 58 59 
1 8 13 16 17 23 28 29 30 31 32 37 52 53 60 
3 4 6 15 20 23 24 29 36 39 44 52 54 57 62 
2 6 8 10 11 18 21 25 29 34 42 44 53 55 59 
1 2 5 12 20 26 29 30 32 33 34 37 40 43 47 50 60 
15 18 22 23 30 34 39 45 50 61 62 
2 4 6 7 10 11 12 14 17 18 20 21 22 27 33 44 55 
1 2 12 13 15 18 19 21 22 33 38 50 52 56 58 62 
2 4 11 12 16 21 33 34 39 44 46 50 51 54 58 59 62 
6 7 16 21 24 26 31 37 38 41 43 49 50 53 56 59 
3 4 14 17 18 24 28 30 40 46 47 48 52 55 56 60 61 
1 7 8 10 13 15 17 19 20 21 26 27 43 45 49 56 
3 15 16 18 19 27 28 31 32 35 39 45 52 54 56 62 
3 6 7 8 12 15 18 21 26 29 32 34 45 55 59 
3 8 9 10 11 16 18 19 21 22 24 26 31 44 46 61 
2 7 11 12 18 19 20 21 24 26 39 40 42 43 44 51 53 57 58 59 61 
1 7 11 14 15 19 22 30 34 43 50 55 
6 9 12 16 17 25 26 27 30 36 37 42 45 47 53 54 60 
2 5 13 17 18 20 21 22 24 29 35 36 38 44 50 52 54 58 
3 8 11 13 14 16 19 21 23 24 25 27 28 32 34 37 43 47 52 53 
1 3 10 13 14 24 26 28 29 32 34 35 38 41 45 48 51 58 
7 8 9 11 14 15 16 17 20 21 22 23 24 25 27 29 42 44 45 46 47 58 59 60 
6 7 11 12 13 15 16 17 23 26 27 33 35 37 50 62 
4 5 6 7 9 10 13 16 21 26 29 30 31 35 42 43 50 53 55 56 60 
3 8 18 20 24 26 27 29 30 32 35 38 43 44 48 50 56 
8 16 18 21 22 23 25 30 32 33 34 36 39 45 52 56 58 
6 7 9 15 16 18 19 20 40 45 49 50 
1 6 18 24 26 31 32 34 37 40 42 43 47 57 
