1000 4696
77 85 133 141 179 298 527 529 694 857
201 235 303 308 356 363 393 497 551 626 722 748 765 841 899 975
145 146 217 271 338 473 514 562 727 774 776 780 848 891 927 974
316 444 455 471 738 818 925 976 983
15 85 197 488 492 649 844 979
28 55 84 106 110 113 134 330 616 639 833 909 917 950
30 33 87 165 169 420 510
102 168 175 231 523 701 779 901 940 987
16 187 415 525 642 696 712 935 954
149 245 511 537 735 754 808 839 996
14 73 100 182 282 395 474 518 792 805 818 866 884 925 955 983
72 97 176 259 310 376 406 581 630 716 758 761 797 890 930
37 185 214 399 407 549 651 679 730 736 914 946
11 182 282 395 444 455 818 906 925 976 983 985
5 85 197 208 387 488 492 796 844 979
9 263 525 534 642 712 935
111 417 424 483 544 565 647 701 886 923 969 990
144 189 369 485 769 999
80 294 309 580 834 862 878 889 892 998
230 414 503 563 806 832 872 883
27 294 423 580 834 862 892 903 998
117 139 333 415 525 674 696 712 840 874
223 305 315 439 479 673 707 986
42 70 79 93 121 138 174 207 391 400 600 932
69 82 196 279 502 599 831 964
52 362 443 629 709 764 871 997
21 423 580 834 862 892 903 998
6 84 110 113 134 330 616 639 773 833 909 917 950
63 93 150 174 246 326 459 542 568 623 784 961
7 33 234 352 510 543
44 536 875 939 962
266 268 349 554 745 812 842 900
7 30 34 87 114 165 169 171 255 570 749
33 114 165 169 171 216 255 368 465 495 570 575 728 749 794
147 216 242 255 499 520 646 876
103 337 360 372 481 593 636 706 740 882 948 973
13 185 407 480 549 736 914 946
156 397 490 507 541 567 651 822 843 846
180 186 194 579 768 801 889 952 993
60 135 204 212 253 382 413 430 618 686 703
170 339 367 888
24 70 79 119 121 138 265 391 400 600
157 221 275 296 357 359 422 486 708 740 835 882
31 91 163 384 536 635 783 814 827 875
66 98 172 302 419 560 664 672 791 799 937 942 991
205 438 462 510 582 659
122 288 348 371 467 655 729 752 850 989
117 131 139 433 540 772
196 504 635 689
92 220 241 327 437 643 705
171 465 495 570 575 625 913
26 354 443 450 547 764 817 858 926 997
103 422 481 486 593 609 636 665 713 852 882
289 440 482 521 596 687 742 793 988
6 84 106 330
278 372 408 434 509 624 706 756 766 907
58 222 390 414 503 522 631 934 956 959 971
57 222 390 414 503 631 934 959 971
99 241 482 545 898
40 135 258 345 350 382 409 618 693 823
67 177 247 362 446 524 533 610 629 709
130 159 166 236 487 637 695 710 820 854 873 941
29 120 150 310 326 459 568 623 761 784 928 961
271 421 425 619 727 774 780 821 927 974
96 307 352 573 622 669 921
45 98 172 419 429 560 664 777 791 799 802 942 957 991
61 226 247 283 362 446 524 533 576 610 629 871
297 343 392 590 663 847 970
25 82 279 502 599 713 733 831 867 964
24 42 79 119 121 138 174 207 391 400 600 932
504 689
12 132 134 176 259 335 376 406 581 616 630 677 716 797 930
11 100 182 358 395 474 512 518 691 792 805 818 866 884 955 978
302 419 523 560 614 672 868 902 940 991
109 210 270 275 329 344 386 454 612 638 766 845
141 179 198 244 365 388 472 529 585 601 697 755 825 947
1 85 129 133 208 298 387 527 529 694 746 796 857 938 979
282 333 474 517 674 717 985
24 42 70 119 121 138 265 391 400 600
19 294 309 546 580 834 862 878 889 892 998
210 223 456 811 845 865
25 69 196 239 279 502 584 599 964
108 379 720 734 807 933 953
6 28 55 106 113 330 616 833 917
1 5 15 77 133 141 179 197 208 387 492 527 529 796 979
252 691 866 955 978
7 33 89 114 123 165 183 320 341 368 420 438 582 606 711 728
250 412 458 484 531 608 762 887
87 123 183 420 438 462 582 606 626 659 681 711 918
261 299 490 822 962
44 163 384 536 569 635 688 783 827
50 327 437 588 643 705
24 29 121 174 207 542 932
211 213 493 607 621 881 885
349 371 401 467 668 752 816 900
65 307 352 543 573 622 669 921
12 310 406 716 758 761 890 928
45 66 172 215 429 595 664 777 942 957
59 142 377 482 545 613 753 898
11 73 182 282 395 474 518 691 792 805 818 866 884 955 978
243 304 410
8 168 175 427 464 483 701 781 969 987
36 53 177 337 360 481 574 609 636 665 713 852 948 973
283 337 466 509 756 945
162 347 375 431 685 836 877 922
6 55 84 330
243 460 508
83 190 235 393 497 572 722 734 748 933
75 221 270 275 329 344 386 454 592 612 638 740 845
6 28 113 132 134 176 376 616 630 639 677 773 806 833 917 930
17 178 483 544 552 647 692 969 987
120 259 310 335 538 758 761 839 890 980 996
6 28 84 110 134 330 616 639 773 833 909 917 950
33 34 87 165 169 171 341 368 420 465 570 615 728 749 794
202 224 237 385 500 530 589 721 726 813
154 313 370 378 401 554 557 578 690 790 869 995
22 48 131 139 311 333 517 540 620 674 772 874
164 248 325 451 699 838 895
42 70 79 174 229 273 542 600 732 849 932
63 112 149 150 245 246 326 459 538 568 623 761 784 961
24 42 70 79 93 138 174 207 932
47 202 286 288 348 371 500 530 655 721 726 729 752 813 989
87 89 183 320 341 368 397 606 615 681 728
220 297 425 590 663 684 803
158 219 269 328 364 366 589
155 321 999
507 567 822 843 896
267 477 526 561 571 604 754 767 808 994
77 133 298 527 694 746 760 938
62 236 290 461 487 548 637 676 720 782 854 958
48 117 139 284 300 398 436 540 620 772
72 110 134 176 259 335 376 630 632 670 677 797 859 883 930
1 77 85 129 298 387 527 529 694 760 857 938
6 28 72 110 113 132 176 376 581 616 630 639 677 773 797 806 833 917 930
40 60 258 350 382 409 435 618 693 823 912
184 256 404 469 680 751 949
501 909 929 950
24 42 70 79 121 265 391 400 600
22 48 117 131 433 540 674 840 874
350 508 757 823
1 76 85 179 244 298 365 472 527 529 585 601 697 857
99 377 450 482 496 521 545 613 719 753 871 926
199 227 249 304 306 336 410 445 704 718 724 739 785 795 824 837
18 155 189 193 369 398 485 682 999
3 217 271 338 351 473 498 562 776 780 891 927
3 232 583 597 727 774 786 848 927 970
35 216 242 255 342 499 520 646 876
206 222 272 631 663 759 803 911 934 956 959 971
10 120 245 326 447 511 537 538 623 731 735 839 996
29 63 120 246 326 459 568 623 784 961
190 203 235 290 356 393 461 551 676 720 722 734 815
188 291 448 513 671 750 829 879
318 594
116 313 370 378 401 554 557 578 690 869 995
126 144 189 193 369 398 436 682 772 999
38 490 507 541 567 651 822 843
43 221 296 357 359 422 640 657 708 835
125 219 269 324 855
62 166 236 432 695 702 710 820 873 941 984
476 553 804
295 312 381 667 763 788 800 854 861 915 966
105 375 685 945
44 91 384 569 635 688 783 827
118 233 248 325 440 451 666 699 787 793 838 944
7 33 34 87 114 169 171 183 341 368 420 570 728 749
62 159 236 323 432 608 667 695 710 873 941
191 266 301 324 528 745 760 812 851 855
8 102 175 181 427 464 523 781 908
7 33 34 114 165 171 216 255 495 570 575 646 728 749
41 339 367 686 888
33 34 51 114 165 169 216 255 465 495 570 575 646 749 913
45 66 98 419 429 560 595 664 777 791 942 957 991
300 311 517 572 810
24 29 70 93 119 121 207 542 932
8 102 168 231 427 523 701 779 901 940 987
12 72 110 132 134 259 335 376 406 581 616 630 677 716 797 833 930
61 103 247 283 337 360 446 524 533 574 852 973
111 248 396 544 552 647 692 895 897 990
1 76 85 141 197 298 387 388 492 527 529 601 697 857 979
39 194 374 453 649 715 768 801 863 993
168 285 427 523 781 908 940
11 14 73 100 282 395 444 474 518 792 805 818 884 925 983 985
87 89 123 165 320 341 420 438 462 582 606 659 681 711
136 252 256 404 469 680
13 37 214 407 475 549 730 736 914 946
39 309 355 493 889 952
9 415 525 696 840 954
152 291 306 513 671 828 829 879 904
18 144 155 193 201 369 398 682 999
108 151 235 356 363 393 497 551 722 734 765 815
167 266 268 301 324 528 745 812 851
228 278 361 405 416 505 566 600
144 155 189 369 398 436 682 772
39 180 262 374 579 649 715 768 801 863 952 993
287 634 644 951
25 49 82 964
5 15 85 179 387 388 492 529 844 979
76 244 365 370 470 472 554 585 601 690 697 755 842
143 227 249 304 336 410 445 704 718 724 739 785 795 824 837
494 558 598 611 648 770 936 949
2 189 303 308 398 556 682 748
115 122 286 348 385 500 530 550 605 655 721 726 729 813
151 290 356 551 765 782 809 815 910 915 918 958
40 212 253 382 430 618 686
46 303 438 462 510 582 626 659 711 841 899
148 222 251 272 643 759 911 971
24 70 93 121 174 542 932
15 77 85 387 488 746 796 979
288 348 428 605 627 633 850
75 81 344 386 456 811 845
94 213 493 607 621 878 881 885
40 204 253 382 430 618
94 211 493 607 611 621 853 885
13 185 295 399 407 475 736 788 800 861 914 966
98 595
34 35 147 169 171 242 255 495 499 520 570 646 749
3 145 271 331 338 351 473 498 562 776 780 891 927
389 648 661 770 777
125 158 328 364 366 589
50 124 241 759
43 109 157 270 275 329 357 359 386 422 486 592 638 740 882
57 58 148 206 272 390 631 911 934 956 959 971
23 81 240 305 653 811 865 943
115 237 366 385 589 721
334 442 515 714 798 864 1000
67 283 347 375 524 945
143 199 249 336 501 586 645 718 724 739 795 824 837 929 992
192 278 361 405 408 416 505 566 656 766
119 273 542 566 600 678 732 849 932
20 414 503 563 806 832 872 883
8 175 417 483 565 701 779 886 901 969 987
146 353 514 627 628 633 848 850 860
164 274 289 325 440 596 666 687 742 787 793 838 944
30 307 342 352 543 573 669
2 108 151 190 356 363 393 497 551 722 734 748 765 809 815 975
62 130 159 166 487 548 637 695 820 854 873 941
115 224 366 373 385 587 589 870
315 380 479 564 673 965
82 279 292 383 531 584 733
223 305 653 707 943 986
50 59 220 759
35 147 216 255 342 495 499 520 646 876
101 107 460 634 652 967
76 141 198 365 470 472 585 601 697 755 825 842 947
10 120 149 326 447 511 537 538 731 735 839 996
29 120 150 326 447 542 568 623 784 961
61 67 177 283 332 362 446 524 533 629 709
118 164 178 325 396 451 552 699 787 838 895 944
143 199 227 304 306 336 410 445 704 718 724 739 785 795 824 837
88 323 458 547 608 762
206 272 437 588 643 705
86 184 469 968 978
40 204 212 339 430 686
534
33 34 35 147 169 171 216 242 495 499 570 646 749
136 184 404 469 680 751
346 447 526 678 731 735 808
60 135 345 350 409 693 823
12 72 112 132 176 335 376 406 677 716 758 797 839 890 930 980
264 281 426 457 619 684
90 299 480 490 822 962
194 277 768 775 801 863 952 960
16 534 712 935
260 281 426 457 700 894 898
42 79 138 340 391 400 656 741
32 167 191 268 301 324 528 603 745 812
128 477 526 561 571 588 604 808 922 994
32 191 266 324 349 603 668 745
125 158 855
75 109 221 275 329 372 386 422 454 486 592 593 638 706 740 882
3 64 145 217 421 425 473 727 774 776 780 821 927 974
148 206 222 251 643 759 803 911 971
119 229 566 678 732 849 972
233 396 742 990
43 75 109 221 270 329 386 422 486 592 638 740 882
641 779 901 902
262 322 355 418 535 775 863 952 960 981 982
56 192 228 361 408 416 434 505 566 624 756 907
25 69 82 239 292 383 502 584 599 733 867 964
563 645 977
260 264 426 457 619 700 894
11 14 78 100 182 395 444 474 518 717 792 805 818 884 983 985
67 104 177 226 247 360 524 533 973
131 300 398 436 572 620 748 772
181 358 512 518 691 908 920
122 202 348 500 530 550 605 721 726 729 744 813
195 634 644 747 951
47 122 209 348 353 467 627 628 729 752 850 860 989
54 233 354 440 482 521 596 666 687 742 793 988
130 151 203 461 548 676 720 782 815 915 958
152 188 306 671 828 829 904
239 279 332 574 733 867
555 602 737 738 826 976
19 21 80 309 355 423 580 862 889 892 903
161 214 399 407 667 736 788 800 861 966
43 157 357 359 516 640 657 708 835 865 916
68 124 343 392 590 663 847
1 77 129 133 141 179 527 529 694 760 812 857 938
90 261 480 490 822 962
131 173 284 398 436 572 620 748 772
167 191 266 324 528 745 812 851 855
45 74 419 560 614 672 799 802 868 937 942 991
2 201 205 308 363 462 497 626 659 765 841 899 975
101 143 199 249 410 445 785
23 223 240 439 653 707 986
143 188 249 291 445 491 671 704 828 837 904 1000
65 96 234 352 543 573 622 669
2 201 303 398 556 682 748 841
19 80 186 294 355 889 952
12 63 97 112 459 538 716 758 761 890 928 961
117 173 333 517 540 572 674 717 874 985
161 548 667 763 782 788 854 915 958
116 154 370 378 401 554 557 578 690 790 995
876
23 238 439 456 479 673 965
4 444 455 471 925
340 380 564 654 789 963
153 594
443 887
87 123 183 341 368 397 606 615 681 728
126 999
277 355 418 423 535 775 960 981 982
166 250 432 458 608 695 702 710 762 873
158 167 191 266 268 301 528 603 745
118 164 233 248 451 666 699 787 838 895 944
29 63 120 149 150 245 246 447 459 568 623 784 961
50 92 437 643 705
125 219 364 366 385 589
75 109 221 270 275 372 386 454 592 612 638 740
6 28 55 84 106 113 639 833 909 917 950
217 338 498 557 562 578 641 790 819 891
247 292 446 574 629 733 867
22 78 117 311 517 540 674 717 874 985
225 428 442 515 550 591 714 744 798 864
72 112 132 176 259 632 670 677 839 859 890 930 980 996
143 199 227 249 501 586 718 724 739 785 795 824 837 992
36 103 104 177 360 372 481 533 593 636 706 948 973
3 145 217 331 473 498 557 562 776 790 891
41 170 253 367 430 686 888
265 317 654 683 741 789 963
87 114 123 165 183 320 368 420 606 615 681 728 794
147 234 242 499 876
68 297 392 448 590 663 803 847 956
75 109 210 386 456 612 845 965
60 258 350 413 519 703 823
257 447 678 731 849 972
105 226 375 576 685
47 122 202 209 286 288 605 627 729 752 813 850 989
32 95 268 371 401 554 668 816 900
60 135 140 258 345 409 508 693 823
145 217 441 473 498 771 780 819 891 905
30 65 96 234 307 543 573 622 669
232 288 467 514 627 628 633 848 850 860 989
52 289 521 547 596 764 817 858 880 926
186 277 294 309 322 418 423 580 775 889 952 960
2 151 190 203 235 363 393 497 551 722 765 809 815 841 918 975
43 157 221 296 359 422 486 657 708 835
73 285 512 532 691 866 920 978
43 157 221 296 357 422 486 640 657 708 835
36 103 177 283 337 481 524 533 636 852 948 973
192 228 278 405 408 416 434 505 566 766 907
26 61 67 247 446 610 629 709 871
2 190 235 303 356 393 462 497 551 626 659 722 765 809 841 899 918 975
125 219 328 366 589
76 141 198 244 470 472 585 601 697 755 825 947
125 219 224 237 328 364 385 589
41 170 339 888 929
34 87 114 123 165 320 341 420 465 606 615 728 749 794
18 144 155 189 193 485 769 999
116 154 198 313 378 401 470 554 585 690 755 842 900 995
47 95 122 349 467 655 668 752 816 989
36 56 270 329 337 408 481 509 592 593 624 706 740 948
237 506 587 743 747 870
180 194 453 649 715 768 801 844 863 993
105 162 226 347 685 945
12 72 110 132 134 176 259 406 581 616 630 677 716 797 833 917 930
99 142 450 482 496 545 613 719 753 926
116 154 313 370 401 578 690 869 931 995
83 720 734 807 933 953
238 317 564 654 789 963
161 399 468 679 763 788 800 861 910 915
40 60 135 204 212 409 435 618
239 279 412 489 531 584 893
44 91 163 504 536 635 783 814 827
115 202 224 237 328 366 500 530 589 721 726 813
75 109 210 221 270 275 329 344 454 592 612 638 740 845
15 77 85 133 179 197 208 492 529 796 979
76 179 197 492 529 650 697 825 947
218 558 579 611 648 770 853 936
57 58 222 411 414 463 503 522 631 832 934 959 971
24 42 70 79 138 265 400 741
68 297 343 411 448 590 663 829 847 956
2 108 151 190 235 356 363 497 551 722 734 748 765 975
402 452 478 503 632 670 767 832 872 883
11 14 73 100 182 282 444 474 518 792 805 818 866 884 925 983
178 248 274 544 552 647 895 990
38 123 320 541 567 615 843 846
131 144 155 189 193 201 284 300 308 436 620 682 772
13 214 295 381 407 679 730 736 788 800 861 914 966
24 42 70 79 138 265 391 741
95 116 154 313 349 370 378 554 557 790 816 900 995
394 452 478 632 670 767 832 859 872 883
617 650 802 825 947
136 184 256 469 680 751
192 228 361 454 505 612 656 766
12 72 97 176 259 376 581 630 716 758 797 890
13 37 185 214 295 399 679 730 736 788 800 861 914 966
56 228 278 361 372 416 434 454 509 624 706 756 766 907
60 135 258 350 382 435 618 693 823 912
101 143 199 249 304 445 785
390 392 448 463 513 522 631 750 829 934 956 959
88 383 458 484 531 725 762 778 887
40 345 519 703
20 57 58 230 390 503 522 631 832 934
9 22 187 525 696 712 840 954
192 228 278 361 408 434 505 566 732 907
17 231 424 565 701 771 779 886 901 905 923
277 322 355 423 535 775 960 981 982
45 66 74 172 302 560 672 791 799 868 937 942 991
7 87 89 114 165 183 341 368 438 462 582 606 659 711
64 271 425 473 619 727 774 780 821 927 974
43 53 157 221 270 275 357 359 486 593 638 740 835 882
21 27 294 322 355 418 580 903
17 417 441 565 701 886 905 923 990
64 124 271 421 619 684 774 780 821 974
260 264 281 457 700 894 898
102 168 175 181 464 781
209 334 491 550 605 744 798 864
66 98 172 661 664 777 799 802 957
40 204 212 253 339 686
105 836 877 922
159 166 323 608 695 702 710 820 873 941 984
48 139 696 840
56 278 361 408 416 466 509 566 624 756 907
135 382 409 618 693 912
131 155 193 284 300 398 620 682 772
50 92 251 327 561 588 643 705 922
46 87 89 183 205 420 462 510 582 626 659 711 841 899
23 305 315 456 479 673
54 164 233 289 596 666 687 742 787 793 944 988
351 424 771 905 923
225 334 506 515 591 644 652 714 747 951 967
26 52 319 547 709 764 997
4 14 182 282 316 395 455 471 818 906 925 976 983
143 199 249 304 306 410 704 785 837 1000
61 67 177 247 332 362 629 709
149 245 246 257 326 346 678 731 735 849
152 343 392 411 463 513 829
669
52 142 377 521 610 719 753 871 926
118 164 248 325 699 787 838 895 944
394 402 478 632 670 767 832 859 872 883
180 374 649 715 768 844
75 109 270 329 386 405 408 592 612 638 766
4 14 316 444 471 818 826 906 925 976 983
81 210 315 344 439 811 845 965
260 264 281 426 619 684
88 250 323 412 484 608 762 887
29 63 120 150 310 326 538 568 623 761 784 928 961
107 243 508
130 151 290 487 548 637 676 720 782 815 854 958
46 89 183 205 303 363 420 438 510 582 626 659 711 841 899 975
390 411 448 513 522 750 879 977
102 168 427 781
34 51 114 171 368 570 575 625 728 749 794 896 913 919
104 434 756 907 945 972
47 95 288 353 371 514 562 628 850 860 989
381 681 763 910 915
136 184 252 256 404 680 751
198 244 365 370 472 554 585 601 690 697 755 842 947
4 316 444 455 737 738 826 925 976
76 141 198 244 365 470 585 601 697 755 825 842
3 145 217 271 338 351 421 498 727 774 776 780 821 891 927 974
11 73 78 100 182 282 395 717 792 805 866 884 955 978
185 214 484 489 725 736 778 893
160 516 539 553 640 804
128 267 526 561 571 588 604 808 922 994
394 402 452 632 670 754 767 859 872 883
23 238 315 439 673
37 261 299 490 549 822 946
36 53 103 337 360 372 486 592 593 636 706 740 882 948
54 59 99 142 289 377 521 545 613 687 753 898 988
17 102 111 231 544 647 692 701 886 969 987
88 412 458 475 531 725 762 778
18 144 369 769 999
43 53 221 270 275 357 359 422 481 592 593 638 740 882
62 130 236 461 548 637 676 720 782 854 941
5 15 208 796 844 979
383 475 531 569 584 893
38 90 156 261 299 480 541 549 651 822 843 946
306 428 798 864 904 1000
5 15 85 179 197 387 388 529 844 979
94 186 211 213 579 853 889
200 559 598 658 856 936 949
34 51 169 171 216 242 255 570 575 646 749 913
142 377 576 613 719
2 108 190 235 303 356 363 393 551 722 748 765 841 975
145 217 331 338 351 473 771 776 780 819 891
35 147 216 242 255 342 520 646 876
115 122 202 286 385 530 589 603 655 721 726 729 813
137 227 336 586 645 718 724 739 824 929 992
25 69 82 279 599 609 713 733 831 867 964
20 57 58 230 390 394 414 522 631 832 872 934
49 71 384 635 689 814
192 228 278 361 405 416 566 600
373 442 587 644 743 747 951
38 127 156 567 662 843 896 919
107 140 350 460 757 823
56 104 372 408 434 624 706 756 907
7 30 46 205 438 462 582 659 711
10 149 245 537 735 754 808 839 996
73 285 358 532 691 866 920 955 978
152 188 411 448 463 522 750 829 879 977
3 232 353 467 562 628 848 850 860 989
225 334 442 652 714 967
296 476 539 553 640 657 708 723 804 835 916
78 117 173 311 333 674 717 810 874 985
11 73 100 182 282 285 395 691 792 805 818 866 884 925 955 983
345 413 703
35 147 216 242 499 646 876
54 142 289 354 450 482 596 687 753 817 926 988
57 390 411 414 463 503 513 631 750 879 934
8 74 168 175 181 868 908 940
61 67 177 226 247 283 360 533 973
9 16 22 187 415 642 696 712 840 935 954
128 257 267 477 561 571 808 922 994
1 77 85 129 133 141 179 298 529 694 857 938
167 191 266 301 324 745 812 851
1 76 77 85 133 141 179 197 298 387 388 492 527 857 979
115 122 202 286 385 500 655 721 726 729 813
88 239 383 412 484 489 584 887 893
358 512 577 691 920 968 978
61 67 177 247 283 337 360 524 852 973
16 254 263 642 935
277 322 418 775 960 981 982
31 44 91 384 635 814 827 875 939
10 149 245 511 731 735 754 808 839 996
112 120 149 245 310 459 623 761 839 890 980 996
476 516 640 660 831
48 117 131 139 311 333 620 674 772 874
38 156 397 490 567 651 730 843 846 946
29 93 119 174 207 229 246 932
30 96 234 307 352 573 669
17 111 178 396 483 552 647 692 969 990
59 99 142 377 482 613 753 898
80 834 862 878 892 998
52 250 354 443 764 817 858 880 997
130 236 290 312 461 487 637 667 676 782 854 915 958
13 37 185 480 490 914 946
202 286 334 428 605 744 798 813 864
2 151 190 203 235 356 363 393 497 722 765 809 815 975
111 178 248 396 544 647 692 895 897
160 476 516 640 657 723 804 916
32 116 154 198 313 349 370 401 470 816 842 900
293 602 637
201 308 682 921
116 154 313 331 338 401 562 578 790 995
200 389 611 648 770 853 936
494 598 658 856
45 66 74 172 302 419 672 791 799 937 942 991
128 267 437 477 526 571 588 705 877 922 994
3 145 217 331 338 467 514 557 776 790 891
20 230 280 645 806 977
238 317 380 673 789 965
17 231 417 424 701 886 901 905 923 969
192 228 229 273 278 361 416 434 505 732 907
38 127 156 397 507 541 843 896
29 63 120 150 246 326 459 623 784 928 961
91 163 489 584 688 783 893
33 34 51 114 165 169 171 216 255 465 495 575 646 728 749 913
128 267 477 526 561 604 754 767 808 994
108 173 284 300 311 810
65 96 234 307 352 543 622 669
103 177 292 332 609 665 713 733 852 867 973
34 51 169 171 465 495 570 625 749 794 913 919
67 347 496 610 719 871
532 595 920 968
116 154 313 331 378 557 641 790 869 995
39 194 389 493 801 853 993
19 21 27 80 294 355 423 834 862 892 903 998
12 72 134 176 376 406 616 630 716 797 930
46 87 89 183 205 420 438 462 510 626 659 711 899
146 597 633 786 970
82 239 279 383 489 531 569 893
76 141 198 244 365 370 470 472 601 697 755 825 842 947
227 336 501 718 724 739 795 824 888 929 992
237 373 506 743 747 870
92 251 267 437 477 561 643 705 922
115 125 219 224 237 328 364 366 385 500 721
68 124 297 343 392 663 803 847 911 956
334 442 714 747
109 221 270 275 329 372 386 454 481 486 593 638 706 740 882
36 53 270 337 372 422 481 486 592 636 706 740 882 948
153 318
98 172 215 577 968
54 233 289 354 440 521 666 687 793 817 988
146 583 633 786 970
200 494 559 658 856 936
25 69 82 279 502 609 665 713 733 831 867 964
24 42 70 79 119 138 192 229 505 732 932
76 141 179 198 244 365 470 472 585 697 755 825 947
293 555 637 953
266 268 324 500 655 721 726
128 267 477 571 754 767
202 209 286 348 428 550 729 744 798 813
87 89 123 183 320 341 368 420 615 681
94 211 213 621 881 885
88 166 250 323 432 458 710 762
53 103 502 574 599 636 665 713 852 867
61 67 362 450 576 719 871
200 213 389 558 648 770 853 936
75 109 329 344 386 405 454 766
99 142 377 482 496 545 719 753
74 302 672 868 902 931 937
114 123 320 341 368 397 606 728 794
6 28 72 84 110 113 134 176 376 581 630 639 797 833 917
403 650 799 802 937 957
40 60 135 204 212 382 409 435
64 260 281 421 425 457 684 821
117 131 284 300 398 436 540 772
94 211 213 607 881 885
65 96 307 352 573 669 921
29 63 120 149 150 246 326 459 538 568 784 961
56 278 372 408 434 509 706 756 907
51 465 575 662 794 913 919
2 89 205 303 363 438 462 582 659 711 765 841 899 918 975
209 232 288 348 353 628 633 848 850 860 989
232 288 353 467 514 627 633 848 850 860 989
26 61 67 247 332 362 446 709
12 72 110 132 134 176 376 406 581 616 677 716 797 833 917 930
57 58 148 222 390 411 414 503 522 911 934 956 959 971
132 335 394 402 452 478 670 677 859 872 883
209 232 353 583 597 627 628 786 848 850 860 970
195 243 287 644 652 951 967
44 49 91 163 384 504 536 783 814 875
36 53 103 337 360 481 593 609 665 852 882 948 973
62 130 236 461 487 548 555 602 676 720 854 941
75 109 221 270 275 329 386 422 454 486 592 740 882
6 28 110 113 134 330 616 773 833 909 917 950
157 296 359 476 516 539 553 657 708 723 835 916
276 331 578 771 779 819
9 16 525 534 935 954
50 92 206 251 272 327 437 588 705
195 287 442 506 634 652 747 951 967
227 280 501 563 724 977
35 147 169 171 216 242 255 495 499 520 570 749 876
17 111 178 396 483 544 552 692 701 969 987 990
200 218 389 558 611 770 853 936 949
5 180 194 374 453 715 768 801 844 863
388 403 617 825 947
13 38 156 490 541 679 730 843 846 914 946
243 442 515 634 644 714 967
223 240 305 830 943
317 340 380 683 741 789 963
47 122 202 371 500 530 603 668 721 726 729 752 813
228 265 405 683
157 296 357 359 516 553 640 708 723 835 916
494 559 598 856
46 89 183 205 303 363 420 438 462 510 582 626 711 841 899 975
539 831
218 429 777 957
507 625 896 919
68 124 148 297 343 392 590 803 847 911 956 959
45 66 98 172 429 777 799 802 942 957 991
53 103 574 599 609 636 713 852
164 233 289 325 440 596 787 793 817 924 944
161 166 295 312 548 710 763 788 800 854 861 941 966
95 268 349 371 655 752 816
65 96 234 307 352 449 543 573 622
132 335 394 402 452 478 632 677 859 872 883
152 188 291 306 704 828 837 904
45 74 302 419 560 614 799 868 902 937 991
23 238 315 439 479 564 965
22 78 117 139 311 333 517 540 717 874
690 931 947
130 151 290 461 487 548 637 720 782 815 854 958
72 110 132 134 176 259 335 376 630 632 670 806 859 883 930
229 257 273 346 447 732 849 972
13 381 399 407 651 730 788 800 846 861
136 184 256 404 469 751 949
89 123 183 320 341 468 606
144 155 189 193 201 308 398 436 556
340 654 656 963 965
124 260 425 457 619
105 162 347 375 836 877 945
40 170 204 253 339 430 888
54 233 289 440 482 521 596 742 793 894 988
91 163 569 783 827
49 71 504
116 154 198 313 370 378 470 675 755 869 931 995
73 86 100 285 358 512 518 532 792 805 866 884 920 955 978
111 178 483 544 552 647 897 969 987
60 135 258 350 409 435 757 823 912
1 77 129 133 298 527 760 857 938
62 159 166 236 323 432 702 710 820 873 941 984
9 22 187 415 433 525 712 840 954
76 141 179 198 244 365 388 470 472 585 601 755 825 947

118 164 248 325 451 838 895
264 281 426 742 894 898
8 17 102 175 231 417 424 483 565 647 779 886 901 969 987
159 323 432 695 710 820 873 880 924 984
40 345 413 519
143 199 249 306 445 671 828 837
50 92 251 327 437 561 588 643
36 56 270 337 372 408 481 509 592 593 624 740 882 948
23 240 305 986
43 157 296 357 359 516 640 657 835
26 61 247 362 443 446 629 871 997
62 159 166 323 432 608 667 695 702 820 873 941
87 89 183 205 420 438 462 510 582 626 659
9 16 22 263 415 525 696 935
53 69 103 502 574 599 609 665 733 852 867
225 334 442 515 591 652 798 967
180 194 374 453 649 768 801 863 993
12 72 97 176 259 310 376 406 581 630 758 761 797 890
78 282 311 333 474 517 674 874 985
143 199 227 249 336 501 586 724 739 785 795 824 837 992
142 377 450 496 576 610 613 753 871 926
83 130 151 290 379 461 487 637 676 953
115 122 202 224 286 385 500 530 589 603 655 726 813
2 108 151 190 235 356 363 393 497 551 748 765 809 815 975
516 553 640 657 804 830 916
143 199 227 249 336 501 586 645 718 739 795 824 837 992
412 475 484 736 778
115 122 202 286 385 500 530 603 655 721 729 752 813
3 64 146 271 421 473 774 776 780 821 927 974
34 87 114 123 165 169 320 341 368 465 570 615 749 794 919
47 122 202 286 288 348 500 530 605 655 726 752 813 989
13 185 399 407 541 651 679 800 846 861 914 946
149 245 257 346 447 537 735 808
119 229 273 416 566 600 678 849 932
69 239 279 292 332 502 574 599 713 867
83 108 151 190 235 379 393 807 933
10 149 245 257 447 511 537 731 754 808 839 996
13 37 185 214 295 399 407 475 725 778 800 861 914 966
293 471 738 826 897 976
4 293 471 737 826 897 976
143 199 227 249 336 501 586 718 724 795 824 929 992
36 43 109 221 270 275 329 372 386 422 481 486 592 593 638 706 882
265 340 391 400 654 963
54 233 274 289 440 687 700 793 894 988
373 506 587 747 870 951
286 334 428 550 605 798 864
32 167 191 266 268 301 324 528 812 851
77 129 208 796
287 373 442 506 587 591 644 743 951 967
2 108 201 235 284 300 308 393 497 722
33 34 114 165 169 171 216 255 368 465 495 570 575 646 728
152 411 463 513 522 879 977
136 256 404 469 680 949
47 95 122 288 348 371 655 668 726 729 989
99 142 377 450 482 521 545 613 719 926
10 128 478 511 537 571 604 735 767 808 996
76 198 244 365 370 470 472 585 601 690 697 825 842 947
56 104 278 408 434 466 509 624 907 945
140 508 693 823
12 97 112 259 310 406 716 761 890 928
148 206 220 241 272 803 911
129 133 167 298 694 851 938
12 63 97 112 120 310 459 538 716 758 890 928 961
88 250 323 412 458 484 608
161 312 381 468 667 788 800 861 910 915 958
26 52 354 443 547 817 858 997
2 190 203 235 303 356 363 393 497 551 626 722 809 841 899 918 975
56 75 228 361 405 408 454 612
128 394 402 452 478 571 604 754
39 180 194 262 374 453 649 715 801 863 993
18 369 485 921
200 218 389 558 611 648 853 936
351 417 441 498 641 819 905 923
48 117 131 155 193 284 300 398 436 540 620
28 110 113 134 639 806 833 909 917 950
3 64 146 271 421 425 473 727 780 821 927 974
262 277 322 355 418 535 952 960 981 982
3 145 217 271 338 473 498 562 727 780 891 927
66 98 172 218 429 661 664 957
412 475 484 725 736 893
8 175 231 276 417 641 701 901
3 64 145 217 271 351 421 425 473 498 727 774 776 821 891 927 974
102 168 181 427 464
130 203 290 312 461 487 548 676 815 854 915 958
44 91 163 384 569 635 688 827
29 63 120 150 246 326 459 568 623 928 961
143 199 249 304 336 410 445 718 795 824 837
146 583 597 633 970
164 233 248 325 440 451 666 793 838 944
161 214 295 312 381 399 407 667 679 763 800 861 966
317 340 380 564 654 963
116 313 331 338 401 557 562 578 891
45 66 172 419 560 908 942 991
11 73 100 182 282 395 474 518 691 805 818 866 884 955 978
54 164 233 289 440 596 666 687 742 787 944 988
34 114 341 368 465 575 615 625 728 896 919
143 199 227 249 336 586 718 724 739 785 824 992
15 77 85 208 387 488 746 979
12 72 132 134 176 259 376 406 581 616 630 716 930
225 334 428 491 550 605 714 744 864 1000
45 66 302 419 429 560 617 664 672 802 937 942 957 991
161 214 295 381 399 407 667 679 730 736 763 788 861 966
39 180 194 262 374 579 649 715 768 863 952 993
66 302 403 429 617 664 799 937 957 991
124 148 272 343 590 663 759 911 956 959
160 476 516 553 723 916
11 73 100 182 282 395 474 518 691 792 818 866 884 955
20 110 134 230 563 677 773 883
83 379 734 810 906 933 953
10 128 257 267 477 511 526 537 571 731 735 754 994
203 235 356 363 551 722 765 815 918
173 517 572 807 933
81 210 223 456 845 865 943
32 167 191 266 298 301 528 745
115 122 202 286 348 385 500 530 550 605 655 721 726 729
44 384 504 536 635 875
151 190 203 235 290 356 461 551 676 722 782 809
95 349 371 401 554 668 900
52 354 521 547 596 666 764 858 880 924
4 11 14 73 100 182 282 395 444 455 518 792 805 884 925 983
331 351 498 641 771 891 905
62 159 236 432 695 702 710 873 924 941 984
64 271 421 425 473 619 727 774 780 927 974
38 90 127 156 261 299 480 490 843
60 135 140 258 345 350 409 508 693 757
143 199 227 249 336 501 586 718 724 739 785 795 929 992
76 244 365 388 403 472 585 601 650 697 755 947
293 455 471 737 738 906 953 976
44 91 163 384 536 688 783
188 291 306 671 704 837 904
152 188 291 392 411 448 513
653 723 865 916 943
25 69 502 539 599 660 964
20 230 390 394 402 414 452 503 872 883
6 28 84 110 113 134 176 330 376 616 630 639 773 909 917
19 21 27 80 546 580 862 892 903 998
43 157 296 357 359 422 516 640 657 708
105 431 685 877 922
143 199 227 249 306 336 445 671 704 718 724 785 828
118 164 233 248 325 451 699 787 895 944
10 112 149 245 259 335 511 537 538 735 980 996
22 139 187 415 433 525 696 954
2 205 303 308 356 363 438 462 497 626 659 765 899 975
32 198 244 370 470 472 554 585 755 900
38 127 156 397 490 507 541 567 651 822
5 15 197 374 453 488 492 649 863 979
75 81 109 210 344 386 456 811
38 397 541 651 679 730
68 297 343 392 590 663 970
3 146 232 353 514 627 628 633 850 860
119 229 273 346 447 678 732 972
47 209 232 288 348 353 467 514 627 628 633 848 860 989
167 191 301 528 745 760 855
53 103 177 360 533 574 609 636 665 713 867 973
213 389 493 558 579 611 648 770 936
62 130 161 236 312 461 487 548 637 667 676 782 915 941 958
158 167 269 301 851
494 559 598 658
1 77 133 141 179 298 527 529 694 938
52 354 547 764 817 880 997
132 335 402 452 478 632 670 677 872 883 930
232 288 353 467 514 627 628 633 848 850 989
161 214 295 381 399 407 667 679 730 736 763 788 800 966
19 21 27 80 294 546 580 834 892 903 998
180 194 262 277 374 649 715 768 801 844 952
225 334 428 491 550 744 798 1000
81 223 296 811 830 916 943
11 73 86 100 358 395 474 512 518 691 792 805 884 955 978
69 279 292 332 502 574 599 609 713 733 852
74 302 419 523 614 672 902 940 991
116 154 378 578 690 931 995
237 373 587 743
26 67 142 362 450 576 610 709 719 926
20 230 394 402 452 478 503 632 670 832 859 883
62 159 166 236 323 432 695 702 710 820 941 984
22 117 139 311 333 517 540 674 717
31 44 536 635 814 939
35 147 242 314 342 499 520 646
105 431 561 685 836 922 994
19 80 211 546 881 892
152 188 463 513 522 750 977
354 547 702 817 858 924
94 211 607 621 878 885
36 43 53 221 270 275 422 481 486 592 593 636 638 706 740 948
20 132 230 394 402 452 478 632 670 677 806 832 859 872
11 73 100 182 282 395 474 518 691 792 805 818 866 925 955 983
94 211 213 607 621 881
17 231 417 424 483 565 701 901 905 923 969
88 319 412 458 531
41 170 339 367 586 686 929
19 39 80 186 294 309 355 493 952
12 97 112 259 310 335 406 538 716 758 761 980
3 145 217 331 338 351 473 498 562 776 780 790 819 927
19 21 27 80 294 546 580 834 862 878 903 998
383 475 489 531 569 584 778
264 281 426 687 700 742 898 988
118 178 248 325 396 451 552 699 838 897
127 465 507 567 662 794 919
178 552 692 737 738 895
59 99 264 426 482 545 700 894
2 205 303 363 438 462 582 626 659 765 841 975
32 95 349 370 401 554 816 842
8 175 231 276 417 565 701 779 886 987
74 276 614 672 868 940
21 27 294 423 580 834 862 892 998
188 291 306 491 671 828 1000
351 417 424 441 565 771 819 886 923
14 444 455 807 826 933 976
56 278 361 408 416 434 466 509 566 624 756
168 181 285 523 791 940
6 28 113 137 330 639 773 833 917 950
203 381 468 763 915 958
148 206 222 272 590 631 663 759 803 934 956 959 971
135 409 435 693
51 171 465 495 570 575 625
13 37 185 214 399 407 549 651 730 736 946
161 203 290 312 381 468 548 763 782 854 910 958
296 516 553 640 657 723 804 830 865
6 28 84 110 113 134 330 376 616 630 639 773 833 909 950
89 203 356 363 626 765 809
465 507 575 625 662 728 794 896
285 358 512 532 577 691 968
65 96 556 622 769
105 267 431 437 477 526 561 588 836 877 994
17 417 424 441 565 771 886 905
666 702 817 820 880 984
4 11 14 182 316 395 444 455 471 518 818 884 983
52 142 354 377 450 521 719 753 871
3 64 145 146 217 271 421 473 727 774 776 780 821 891 974
63 97 310 459 568 758 761 784 961
137 227 367 501 586 739 824 888 992
12 72 110 132 134 176 259 335 376 581 630 677 797 859
378 614 675 690 869
24 70 93 119 121 174 207 229 542 600 732
83 108 379 734 807 810 906
57 58 148 222 390 411 414 503 522 631 911 956 959 971
9 16 263 525 534 642 712
200 389 494 558 598 611 648 770 853
45 302 419 560 614 617 672 799 802 991
77 129 133 298 527 694 760 857
31 536 875 962
8 74 175 181 523 868 902 908
62 159 166 236 432 487 637 667 695 710 820 854 873
45 66 98 172 302 419 560 664 791 799 957 991
223 240 653 811 830 865
164 233 248 325 440 451 666 787 793 838
104 162 226 375 466 685 756
13 37 185 480 490 541 549 651 730 914
76 244 365 388 403 470 585 601 650 675 697 755 825
36 103 337 360 372 481 593 636 706 882 973
136 200 494 648 680 751
6 28 113 137 330 639 773 909 917
195 287 442 506 634 644 743 747 967
39 186 194 262 277 309 355 775 801 863 889 960
83 379 602 720 807 826
9 187 415 525 642 696 840
11 73 86 100 474 512 518 691 792 805 866 884 978
57 148 222 343 392 411 590 631 663 803 911 934 959 971
66 98 172 429 617 661 664 777 799 802 942
130 203 290 312 461 548 676 763 782 854 910 915
57 58 148 222 390 411 631 663 803 911 934 956 971
262 277 322 355 418 535 775 952 981 982
29 63 120 150 246 310 326 459 568 623 761 784 928
31 90 261 299 939
317 340 380 654 683 741 789
25 69 82 196 279 502 599 831
238 315 344 456 564 673 683
161 214 295 399 407 667 736 788 800 861
243 442 515 634 644 652 714 747 951
252 532 577 595 920
17 102 111 231 483 544 565 647 692 701 886 987
68 146 583 597 633 786 847
57 58 148 206 222 272 390 631 911 934 956 959
273 346 466 678 849
36 103 177 283 337 360 524 533 574 636 852 948
3 64 271 421 425 473 727 774 780 821 927
2 235 303 356 363 393 462 497 551 626 659 722 765 841 899
4 14 293 444 455 471 737 738 826 906
280 463 513 563 645 750 879
73 86 100 252 358 474 512 532 691 792 866 955
5 15 77 85 179 197 208 387 488 492 529 796 844
112 259 335 538 839 890 996
277 322 418 535 775 960 982
277 322 418 535 775 960 981
4 11 14 182 282 395 444 455 518 818 884 925 985
159 432 695 702 820 873 924
14 78 182 282 311 333 517 717 983
23 240 305 707
8 102 111 175 231 483 647 692 701 901 969
54 289 440 482 521 596 687 742 793 894
47 122 288 348 353 371 467 514 627 628 729 752 850 860
17 178 274 396 424 544 647
45 66 74 172 302 419 560 664 672 791 799 802 868 937 942
227 336 501 586 718 724 739 795 824 929
39 180 194 374 579 715 768 801
128 267 477 526 561 571 808 877 922
116 154 313 370 378 401 557 578 690 869
10 112 149 245 335 511 537 538 735 754 839 980
26 52 443 547 709 764 858
19 21 27 80 546 580 834 862 892 903
18 126 144 155 189 321 369 485
225 306 445 491 798 864 904
