1000 2394
221 377 661 835 875
61 206 544 820 966
352 595 909
212 746 764 805 840
19 55 154 214 284 495 528 607 823
72 178 249 472 599 700 704 826 863
378 677
123 265 494 673 780 887
139 211 803 913 949 984
11 38 186 321 342 532
10 95 186 405 465 532 815
58 69 122 652 939
277 898
311 337 344 908
315 441 851
969 994
307 314 340 609 690 804 897 993
23 165 279 681 734 819 834
5 48 154 214 528 798
191 676
330 464 487 648 745 986
106 365 842 858
18 165 279 681 734 819 880
581
346 795 818
325 825 869
394 458 471 703 910 975
280 531 558 702 755 827
492 533 592 621 792 894 936
367 619 642 856 879
611 640 809
45 313 555 967
458 606
104 230 304 437 510 779
474
597 649 789 861
79 118 129 187 486 575 669 960 974
10 321 342 404 511 968
145 171 234 295 316 425 450 462 503
49 176 731
78 341 410 507 928 934
351 537
59 143 237 270 434 578 604 670 693
68 302 527 596
32 274 379 491 632 655
107 148 773 950
203 382 428 513 927
19 654 798
40 176 530 731 801
101 253 583 716 989
467 787 872 905
82 391 412 461 470 845
71 95 405 857
179 185 446 469 617 685 736 800
5 284 495 607 823
241 479 571 742 771 784 829 952
229 414 508 761
12 67 652 939
43 70 143 270 281 310 434 604 674
460 635 832
2 235 430 438 544 631 715 820
116 180 300 376 574 797 983
227 372
320 358 904
127 243 291 922
202
58 600 652
44 302 481 596
12 122 312 652
59 137 143 270 281 434 578 890
53 95 166 218 219 364 405
6 472 572 599 700 704 826 863
587 708 739 778
360 515 598
112 134 388 413 622 696 750 871 992
350 542 953
108 783
41 230 507 534 782
37 118 129 187 575 669
258 976
373 688 903
52 264 412 461 470
378 585 677
155 168 395
383
102 195 556 803
253 400 583 709 914 989
113 360 831

194 278 308 870
106 348 365 389 497 563 842 942
223 309 549
136 251 345 521 907
384 429 459 695 799
11 53 71 405 465 505 532 857

445 541 663 671 947
103 249 361 733 791 821 931
246 252 484 717 773 915 950
988
50 253 716 806 989
86 139 195 499 556 803 984
98 249 361 733 791 931
34 230 243 304 437 510 779
205 288 418 618
22 91 365 389 497 842 942
46 148 290 717 950
77 168
306
480 505 857
215 228 247 409 436 589 770 811 889 902
75 134 696 750 992
88 360 598 831
333 431 447 551 591
220 307 314 442 482 897 911 993
62 225 300 376 524 574
152 167 374 398 417 699
37 79 129 187 575 669 960
912 999
650 797
468 490 813
12 69 312 662
8 206 494 673 780 887
418 484 618 691
600 935
305 348 452 498 563 644 860
65 198 291 326 719 922 924 944
298 327 442 482 754 846 911
37 79 118 187 486 575 669 960
302 488 653 884
172 390 722 742
152 540 699
579
75 112 622 696 750 795 992
554 712
93 248 251 521 646 907
70 143 270 578 772 890
201 313 538 568 727 744 896
9 102 211 572 803 913 949 984
338 724 973
274 379 632
707 774 833
43 59 70 137 270 281 434 578
925 931
39 199 234 316 338 450 462 876 955
251 266 345 457 962
415 511 628 665 740 862 971 998
46 107 290 950
527
507 534 613 666 675
169 320 396 397 786
117 132 167 398 417 535 699
238 407 985
5 19 214 284 528 798
84 159 216 614 615 785
260 562 594 762 776 885 917
198 670 726 729
263 294 843
155 216 614 615
783 855 923
177 213 368 372 454 463 636 788 881
217 296 522 668 952
231 282 463 633 788 816 987 988
429 454 459 636 732 799 881
18 23 279 734 756 819 834 981
71 239 356 424
117 152 264 357 398 417 943
84 108
151 286 396 397 420 748 786
346 581 818
39 295 316 425 503
131 370 686 714 722 737
687
343 512 765 825 895
319 328 597 601 775
40 49 731 801 908
161 372 454 636 881
6 472 863
54 185 446 475 617 685 736
62 324 376 552 983
224 255 421 432 658 951 956 1000
240 715 841 945 970
214 261 284 478 823 824
573
54 179 283 446 617 685 736 800
10 11 815 899 963
37 79 118 129 486 575 960 974
603
456 610 689 861
226 380 477 542 852 912 999
20 464 676 969 994
565 601 759 906
321 339 404 739 778 968
90 278 308 483 634 760 870
86 102 499 556 721 802 938
335 349 977
455 647 725
127 157 326 719 924 944
145 316 450 603
520 593 763 856 879
138 313 538 568 727 744 967
66 639 836 882
47 428 513 536 616 925
236 471 559 919
105 288
2 123 269 887 966
244 366 423 548 793 868 896
346 347 818 830
424 433 438 520 631 657 763 777 856
242 586
9 139 949
4 746 840 849
161 368 463 788
5 19 154 183 284 478 528 823
111 228 770 811 889
155 159 403 599 614 615 785 866 920
162
71 219 364 815
71 218 356 364
115 283 307 442 469 800 897 911
1 377 451 661 835 875
279 422 493 834
92 297 309 549 892
181 255 432 651 705 941 956
116 300 376 378 524 574
190 380 477 542 852 912 999
63 877
111 215 582 770 811 889
57 299 375 414 761 932
34 78 104 304 437
163 282 463 633 788 816 987 988
317 604 674
350 440 738 953
39 145 338 462 682 973
61 430 438 544 715 820
204 250 919
43 604 647 693 725 726
153 985
166 356 424 777
182 262 841 900 945 970
56 479 571 784 829 904
210 586
65 104 291 922
207 366 453 793 896
271 453 768 929
99 252 488 557 717 773 915
111 409 589 770 889 902 948
136 275 393 646
6 98 103 361 472 700 704 791
236 500
93 136 146 345 457 476 521 962
99 246 488 557
50 87 101 400 583 806 989
262 265 673 697 780
181 224 333 421 431 432 941 951 1000

475
80 625 976
305 448 502 698
156 282 885 917 987
183 284 478 823 824
240 254 841 900 970
158 294 843
82 167 357 412 417 943
8 254 494 673 697 718 780
146 687 962
474 625
628 848 971
206 485
43 59 70 137 143 281 434 578 604
245 453 768 929
328 605 758
360 598
45 141 379 491 632 655
248 646
402 711
13 751 898
90 194 483 870
18 23 165 222 756 834 981
28 558 702 755 827
59 70 143 270 306 434 578
163 231 260 987
185 220 446 469 617 685 736 800
5 55 154 183 214 261 478 607 823
436 589 884 902
169 363 397 420 748 786
534 638 675 749 980
105 205 418 812
384 386 807 850
107 148
65 127 243 922
298 355 526 876 955
541 550 680 751
158 263 353 517
39 171 316 425 503
162 522 668
223 716 892
128 292 442 482 754 846
229
62 116 225 376 524 574
333 431
44 68 130 488 596
506 710
34 104 230 437 510 779
126 259 448 452 498 502 698 860
109 281
17 115 220 314 609 690 804 897 993
90 194 760 842 858
92 223 549
59 362 369 411
14 344 651 908
69 122 550 662
32 138 201 538 555 727 744 967
17 115 307 609 690 897 993
15 441
39 145 171 199 295 425 450 462 503
232 576 946
565 703 759 975
175 328 597 775
64 151 358 990
10 38 193 339 404 968
324 560
620 757 995
180 322 983
26 667
127 198 719 924 944
128 442 469 482 754 846 911
175 272 319 394 458 775 910
526 921
21 487 648 986
370 421 630 658 672 686 722 883
501 557 643 691
114 255 301 431 432 447 551 591
681 972
196 349 539 977
769 878
14 344 731 801
140 145 234 355 462 876 955 973
193 321 404 968
17 449 609 637 690 804 838 993
41 410 613 928 934
10 38 415 465 511 532 665
174 504 577
14 311 337 908
93 146 251 521 907
25 170 208 347 818 830
208 346 519 582 810 830
91 126 389 452 563 644 860 942
196 335 977
76 233 953
42 537
3 595 635 721
294
468 523 645 656 874
292 338 526 876 955
166 219 239 424 777
167 264 417 943
64 320 904
893 901
74 88 113 273 598
98 103 249 791
310 369 411
286 748 849
71 218 219 815
22 91 106 389 497 842
207 244 548 793 868
30 546 619 642 966
161 213 463 788 881
310 362 411
172 331 737 839 883 979
456 610 728 743 814 905
63 161 177 454 636 788 881
81 688 903
117 521 540 684 907
229 747 844 932
62 116 180 225 300 574 983
1 221 661 835 875
7 83 225 677
45 141 274 491 632 655
190 226 477 542 749 852 912 999
390 831
47 678 926
85
94 289 695
767
289 741 807 850
620
75 413 622 871 992
91 106 348 365 497 563 644 942
131 381 831
52 470 580 845
752 997
248 581
27 328 458 565 703 910 975
84 460
151 169 397 786 901
151 169 286 396 420 786
117 152 167 417 535
426 596
87 253 480 583 709 914
568 896
276 711
216 599 614 615 700 866 920
38 193 321 339 511 968
11 53 71 95 465 532 857
496 509 560 587 790 965
153 518
627 637 659 683 838 926
111 247 436 589 770 889 902
41 341 443 514 928 934
310 362 369
52 82 264 461 470
75 388 847 871
57 229 508 761
147 342 427 465 665 740 806 940
449 637 659 701 741 838
117 152 167 264 357 398 943
105 124 288 618 691
626 678 690 723 923 933
169 286 397 585
181 255 331 630 658 672 883 951 956 1000
222 493 584
207 548 794 868 928
166 209 239 356 433 657 777
39 171 295 316 503
399 567 661
415 806 940
47 203 513 733 821 925 927 931
94 164 459 695 732 799
61 235 438 544 631 777
114 255 301 333 447 551 591
181 224 255 333 705 941
209 424 438 631 657 763 777
43 59 70 143 270 281 578 604 670
499
111 285 409 589 718 770 884 889 902
34 104 230 304 510 779
61 209 235 430 433 631 777
537 851
233 729 738
15 315 851
115 128 220 298 327 482 754 846 911
410 514 694 928 934
888
97 466 547 663 671 947
54 179 185 283 469 617 685 736 800
114 333 431 551 591
259 305 498 502 698
340 416 609 637 659 701 741 838
39 145 199 316 462 876
221 835 875 948 962
126 305 348 498 563 644 860
244 245 271 768 793 929
161 164 177 372 636 881
197 456 610 647 725 946
189 371 455 610 946
146 251 476 962
27 33 328 394 703 910 975
94 164 429 695 799
60 395 832
52 82 412 470
39 145 234 316 338 450 973
161 163 213 231 368 633 788
21 191 676 745 986
11 95 342 405 415 505 532
445 663 947
51 787 905
121 354 645 656 874
54 220 283 327 446 617 800
52 82 391 412 461 845
27 204 559
6 72 178 249 599 700 704 826 863
490 813 890 891
35 267
179 257
251 457 962
190 226 380 852 912
183 214 261 284 823 824
56 241 713 771 784 829
110 400 505 857
68 527 567 596
115 128 298 327 442 754 846 911
194 278 870
99 124 691 717 915 950
269 546 810
37 129 187 694 960 974 978
21 330 490 648 772 986
130 246 252 302 653 773

121 473 487 772 813 890
45 274 379 547 632 655
29 592 621 936
222 422 886
8 123 265 673 718 780 887
5 55 607 757
406 509 570 624 790 965
91 106 365 389 942 959
126 305 448 452 502
102 195 435 556 802 803
250
332 557 643 915
259 305 448 498 698
39 171 295 316 425
343 577
95 110 465 480 940
303 710
41 78 150 534 666 675 782
57 414
406 496 570 624 790 965
34 104 304 437 543 553 779
38 147 342 404 665 740 862 968
174 765 825
47 203 428 536 821 925 927
410 443 694 794 928 934
74 569 854 961
735
294 795
407
347 582 810
200 209 593 763 856 879
93 136 251 345 374 540 684 907
162 296 668
354
116 225 300 574 767 805
733 866
292 329 355 876 921 955
44 149 481
5 19 154 214
600 640 809 918
49 731 801
28 720
10 11 95 342 405 465
29 592 657 792 894
78 150 287 507 675 782 980
152 398 847
203 513 616 925
42 351 439
138 201 313 555 568 727 744 769 967
335 982
132 374 521 699 907
97 293 663 671 853
76 190 226 380 912 999
510 553 623 689 719 922 924 944
2 61 235 430 715 820
643 796
367 485 619 642 966
445 491
207 366 423 793 794 868
92 223 309
293 312 662 680 751 898
114 333 431 447 591
180 983 996
510 543 623 689 719 922 924 944
135 712
32 313 538 568 727 967
86 102 195 499 721 802 938
246 252 332 501 915
28 280
204 471 919
322 406 587

156 594 762 776 917
91 126 348 389 452 644 860 942
865
192 318 394 703 759 975
723 766 933
426 481 596
138 201 401 538 555 727 769 896 967
515 854 961
496 509 624 790 822 839 844 965 979
56 241 771 784 829 904 952
72 139 826 837 863 913 984
184
62 116 225 300 376 524
37 79 118 129 187 669
317
343 504
43 70 137 143 270 281 434 604 670
133
391
24 170 393
228 347 519 810 811
50 87 253 400 989
422 957
83 420 904
210 242
73 406 560 778 998
660 735
111 247 285 409 436 770 884 889 902
692 796 945 985
114 333 431 447 551
29 492 533 621 792 914 936
200 520 763 879
156 562 762 776
3 352 635 721 909
44 68 302 399 481 567
36 175 319 743 775 789
74 113 273 360
6 72 216 403 472 614 700 704 866 920
67 125 529 918
175 192 775
650 937
188 199
43 59 232 237 270 434 578 674 693
272 758 958
33
5 55 284 495 757
817
17 307 314 340 449 637 690 804 897 993
189 371 455 456 946
31 640
996
150 341 666 878
155 159 216 403 599 615 704 920
155 159 216 403 614 785 866 920
203 536
54 179 185 283 446 469 685 736 800
105 124 418 660 691
30 367 546 642 966
323 387 828 995
29 492 592 792 936
75 134 388 871 992
543 553 689
496 509 570 790 965 979
258 267 976
419 678
408 664 683 926 954
147 268 848 862 971 998
872 906
331 421 658 672 686 883 956
61 209 430 433 438 763 777
45 141 274 379 491 655
163 231 463 788 816 988
194 760
60 352 595 721
161 164 177 372 454 881
340 408 416 449 609 659 838
287 749 852 912 980 999
202
31 529 611 809 918
990
30 367 546 619
332 501 545 691
126 348 389 452 563 860 942
354 468 656 874
136 248 275
197 237 455 693 725 726
21 330 487 729
36 789 861 865
120 602 767 937
224 311 658 705 908 941 956
12 58 67 69 939
130 488 884
48 798
45 274 379 491 632
354 468 645 874
209 424 433 533 777 894
181 331 421 630 651 672 705 956
408 416 449 637 683 838
588 618
1 221 377 426 835 875
122 312 550 898
97 445 466 541 671 947
627 730 877 954
147 342 415 511 740 862 940
150 507 613
325 676 994
162 296 522
37 79 118 129 575
43 157 434 578 693 726
97 445 541 663 947
331 421 630 658 686 956
8 123 254 265 494 697 780 887
59 232 604
150 287 507 534 782 980
20 191 464 667 969 994
7 83 378
382 419 626 926

293 550 751 898
18 23 334 734 819 880
234 724 973
408 627 659 926
374 521 907
54 179 185 283 446 617 736 800
172 331 630 672 722
173 266
81 373 864 903
189 543 553 623 861
17 307 314 340 419 609 993
124 332 418 484 618 643 915
590 945 985
43 237 604 647 670 726
443 486 514 753 960 974
94 384 429 459 799
75 112 134 750 992
254 265 673 780
259 305 448 502
117 132 152 540
6 72 249 403 472 599 704 866 920
416 449 741 807 838
28 280 755 827
27 318 394 458 565 910 975
6 72 249 472 599 614 700 826 863 866 920
224 432 651 658 908 941 956
867 873 916
142 961
73 761 778
87 400 914 930
303 506
276 402
135 554
479
172 737 742 781 979
61 182 235 544 820 841
50 101 297 989
99 107 246 484 773 915 950
265 436 494 884
127 198 326 543 553 922 924 944
531 721 938
195 352 556 595 635 720 938
131 172 331 686 737
419 566 923 933
140 682 973
197 237 455 647
157 237 647 670 693
138 201 313 538 555 568 744 769 967
371 743 814 905
157 440 648 738
664 877 954
40 49 176 337 530 801
164 429
98 103 428 525 791 821 925 931
18 23 165 681 819
516 588
54 179 185 283 446 617 685 800
172 370 714 722 781 839 979
233 440 729 953
73 193 778 968
147 415 511 665 862 971 998
386 416 449 701 804 807
56 131 714 771 781 784 829
371 597 728 814 905
138 201 313 538 727 967
21 464 986
4 212 840 849
375 822 844 932 951 1000
169 286 363 849
287 380 638 852 912 980 999
75 112 134 696 992
277 293 550 680 898
392
694
128 298 327 442 482 846 911
28 280 702 827
165 279 834 843 981
323 495 607 995
272 605 958
192 318 565 906 975
194 308 634 870
57 229 414 708
156 562 594 776 885 917
200 209 433 520 593 631 777 856 879
4 805
174 512 825 895
566 991
385 524 650
245 271 453 929
336 538 568 727 878
111 215 228 247 409 436 589 811 889 902
56 479 571 742 784 829
137 487 490 890
46 99 246 488 717 950
142 833
175 319 328 597 601
156 562 594 762
209 239 356 424 430 433 438 631 657 763
73 193 587 708 739 968
34 104 304 437 510
8 123 254 265 494 673 697 887
714 737 742 979
78 507 534 675
77 160 855
56 241 479 571 742 771 829 952
155 216 615 855
151 169 286 396 397 901
51 467 872
161 163 213 231 368 372 463 633 816 988
36 597 649 861
406 496 509 570 624 965
98 103 249 361 733 821 925 931
29 533 592 621 894
207 244 366 453 548 868
423 514 548 868 928
25 134 517
545 590
62 120
19 48 154 654 808
94 164 429 459 695 881
54 185 220 283 446 469 617 685 736
49 176 337 530 731
195 499 556
9 86 102 139 499 913 984
17 307 340 609 741 897 993
4 524 764
101 253 415 427 940
289 386 701 741 850
798
31 529 640
347 485 519 582 830
111 215 228 582 770 889
288
121 473 490 891
371 728 743 905
11 186 218 364
163 231 633 788 958 988
608
25 170 208 346 830
18 23 165 681 734 880
2 61 235 544 715
98 428 513 733 791 925 927 931
570 747 839 844 883 951
5 55 183 214 261 284 478 824
183 261 478 823
26 174 512 765 869
6 72 472 572 704 837 863 913
28 280 702 755
620
56 241 479 571 742 771 784
208 346 347 810 818
88 113 381 390
60 460
142 774
18 165 222 279 756 981
1 221 377 451 661 875
202 859 882
572 826 913 984
340 408 416 449 637 659 701
370 570 737 822 883 979
4 212 746 849
182 240 262 715 900 970
22 91 106 308 365 858
158 263 756 981
375 570 747 822 932 951
52 391 470
128 298 327 442 482 754 911
413 535
268 628
212 363 746 748 840
289 386 807
15 439 441
190 226 380 477 638 749 912 999
541 957
515 569 961
160 783 785
30 200 209 520 763 879
53 95 110 405 480
22 308 842
836 882 891
126 305 348 452 563 644
36 189 649 689 789
147 511 628 665 740 971 998
6 72 178 472 572 704 826
688
564 649
216 403 525 599 615 700 704 920
706 873 916
207 366 423 548 793 794
26 825
90 194 278 483 760
75 388 413 622 992
51 629 787 906
706 867 916
354 468 645 656
1 221 377 451 661 835
145 292 338 355 450 526 921 955
227 664 730 954
336 613 769
30 200 520 593 763 856
23 681 819
161 164 177 368 372 454 636 799
202 836 859 891
331 370 421 630 822 839 951
130 285 436 589 653 718
156 260 762 917
493
8 123 206 494 673 780
444
111 215 228 247 409 436 589 770 811 902
70 137 473 490 772
473 813 859 882
223 297
359 901
29 533 657 792
174 765
138 207 244 401 568
17 115 220 307 314 609 804 993
13 277 550 662 680 751
186 963
240 262 841 970
359 396 786 893
111 247 285 409 436 589 770 889
81 373 688
64 241 358 571 585
51 371 467 728 743 814 946
192 629 759 872
93 136 345 374 521 540 684
14 176 311 344 651 705
3 595 995
27 328 394 458 703 975
115 128 220 327 442 482 754 846
119 190 226 380 477 542 638 749 852 980 999
9 139 572 803 826 837 949 984
87 400 592 709 936
99 246 484 501 557 691 717
706 867 873
156 260 562 762 885
529 600 640
204 236 559
216 403 599 614 615 700 704 866
329 526 876 955
65 127 243 291 543 553 719
160 419 723 933
127 198 326 543 553 719 944
144 203 428 513 536 733 791 821 931
382 408 627 678 683
47 428 513 821
41 341 410 423 443 514 794 934
245 271 453 768
709 989 997
98 103 144 428 733 791 821 925
229 375 747 844
419 566 723 923
41 341 410 443 514 928
125
29 492 592 621 914
602 650
195 556 720 721
12 58 652
415 427 505 665 806
224 255 432 651 705
91 106 348 389 497 563 644
167 264 357 417
127 198 326 543 553 719 924
182 240 590 692 970
317 455 456 610 905
97 445 466 663 671
247 451
9 139 211 913 984
46 99 107 148 484 717 773
181 255 421 747 822 844 883 1000
56 162 571 784
76 233 350 738
627 664 730 877
145 292 338 355 526 876 921
181 224 421 630 651 658 672 705
584 853
605 758 816
497
37 118 129 187 486 694 974 978
515 569 707 854
146 251 266 451 457 476
186 899

406 496 509 570 624 790
2 206 367 546 619
32 201 313 538 555 568 727 744
38 193 321 339 404 511 739 778
16 191 676 994
182 240 262 841 900 945
147 268 628 740 862 998
334
140 234 338 462 682 724
37 187 486 694 960
27 318 394 458 565 703 759 910
80 258 625
196 335 349
486 960
370 570 624 714 737 781 839
287 534 638 675 749 912
165 279 756 834 843
539
62 180 324 376 552
9 102 139 572 803 837 913 949
153 238 590 692
21 330 464 487 745
163 231 260 282
100 163 231 633 788 816
50 87 101 253 583 716 930
320 641
766
75 112 134 388 622 696 750 871
17 115 307 314 340 609 690 804 897
16 191 667 676 969
323 620 757 909
552 612
392 930
147 587 628 740 862 971
119 190 226 380 542 638 749 852 912
181 255 421 747 951
