1000 9339
273 429 531 651 747 771 773 779 841 895
14 291 381 390 421 452 459 493 518 551 558 601 698 729 740 758 810 851 925 987
30 54 79 142 171 174 177 221 251 298 315 347 356 369 383 401 422 434 469 476 523 557 567 573 608 628 635 646 679 756 801 920 965 988
7 98 200 263 264 327 396 430 436 504 559 585 589 638 658 784 785 802 833 866 900 906 934 971
193 248 265 268 294 377 402 464 503 579 673 696 719 757 855 898 923 951
82 107 357 453 454 487 498 508 529 610 616 661 673 689 782 825 884 984 994 996
4 101 139 240 241 270 292 450 470 605 629 632 638 683 728 802 833
55 65 158 342 393 426 592 617 751 766 781 882 921 979
11 15 18 61 146 156 160 206 328 409 686 816 818 832 919 992
54 60 141 210 224 315 332 333 383 399 422 439 505 570 628 685 714 718 756 810 840 857 858 885 933
9 18 48 61 146 160 231 466 686 768 816 818 832 881 960
90 207 211 253 338 420 478 481 496 538 647 721 891 959
31 35 151 172 190 473 526 657 797 948
2 114 260 291 381 459 518 558 601 712 714 758 810 840
9 18 49 89 156 160 206 233 283 358 385 409 456 488 513 574 609 626 670 707 786 832 837 912 919
51 187 193 213 220 297 302 316 363 402 404 460 579 639 653 696 748 826 855 856 923 932 969
119 144 152 176 277 324 334 359 407 501 540 577 774 861 946 973
9 11 15 49 61 146 156 160 206 233 328 385 409 456 488 513 832 919 992
86 120 128 155 175 308 364 425 457 472 477 479 506 519 552 625 641 693 764 778 783 811 834 983
58 200 212 261 272 279 591 631 648 680 735 803 850 964
52 56 67 97 199 203 360 431 444 499 537 595 611 612 627 637 705 715 742 765 903
127 755 870 876 970 980 985
26 100 106 205 284 290 295 373 375 376 432 458 527 592 730 738 769 836 845 887 995
67 199 203 256 360 516 537 637 765 789 873 940
39 49 87 89 104 125 202 293 299 335 343 358 410 456 490 578 609 626 670 707 713 732 786 837 912 939
23 100 106 205 284 290 295 373 375 376 432 458 592 730 738 769 836 845 887 995
46 105 118 180 183 389 418 437 500 520 555 725 777 808 823 863 907 910 937
31 76 159 194 230 289 462 588 619 922 1000
101 123 157 184 196 240 276 337 411 532 553 571 623 632 665 688 710 728 767 806 817 901 917 918 962 999
3 54 171 174 177 210 221 251 315 356 369 383 408 446 452 469 476 523 567 608 628 635 718 920 968 988
13 28 35 194 370 462 473 526 588 619 797
52 61 146 199 353 391 549 568 595 607 612 739 816 818 919 992 998
153 179 188 313 380 448 453 454 498 529 544 548 602 604 616 645 676 689 788 884 994
43 45 63 228 510 703 723 775 780 827 862 889 911 974 997
13 31 76 151 194 336 370 462 473 526 588 619 657 749 797 948 1000
64 67 97 182 312 360 371 372 431 444 499 611 627 704 765 966
168 182 300 371 372 445 455 465 703 772 807 947 966 993
95 96 149 164 236 259 353 447 514 530 549 603 607 624 636 739 809 877 940
25 42 87 89 104 125 192 202 209 266 293 299 335 410 490 594 614 713 732
71 319 331 362 491 649 674 842 883
45 58 59 279 286 441 495 582 591 682 787 790 805 813 956 997
39 192 198 202 209 266 413 414 480 534 594 614 618 667 732 897
34 63 228 300 326 455 510 703 708 723 775 780 827 862 872 889 890 911 953 974
136 147 274 330 331 397 492 560 562 649 659 660 737 824
34 41 58 59 279 495 528 561 582 591 682 723 790 805 813 827 862 911 956 974 997
27 118 139 180 240 276 287 292 337 363 555 605 629 632 688 710 725 767 806 808 817 901 907 937 962
172 190 225 366 731 904 972
11 219 231 349 461 466 644 686 759 768 816 881 960
15 18 25 87 89 125 156 299 335 343 353 358 409 456 490 513 574 578 603 609 626 670 707 739 786 832 837 912 919 939 992 998
111 137 185 207 620 799
16 187 193 213 220 297 302 316 363 402 404 451 460 579 639 653 696 748 826 855 856 923 932 969
21 32 56 199 203 391 537 568 595 612 627 705 715 742 765 903
310 399 505 814 857 858 899
3 10 30 141 171 177 210 221 315 356 369 383 408 439 446 452 476 523 567 628 718 840 968
8 342 426 751 766 781 882 936
21 52 97 121 133 257 286 301 431 612 627 705 715 742 787 807 854 903
74 113 140 226 323 339 368 539 554 581 599 741 745 770 792 835 886 955
20 41 45 59 68 261 279 441 495 561 563 582 591 648 682 735 790 805 813 850 956 964 997
41 45 58 121 133 257 279 286 301 384 441 465 495 582 591 682 787 805 813 854 956 997
10 72 84 141 210 224 250 332 333 383 439 505 570 685 714 718 758 810 840 857 885 933
9 11 18 32 146 156 160 231 391 409 568 595 686 816 818 832 919 992 998
77 116 142 171 173 174 177 251 280 346 347 356 369 379 401 449 476 557 567 635 828 915 920 942 965 988
34 43 228 304 355 374 405 510 528 723 775 780 827 862 889 911 974
36 182 312 371 372 445 701 704 772 966 993
8 73 76 106 158 230 290 370 426 432 458 527 592 691 699 749 751 766 781 882 921 979 1000
93 143 197 206 217 233 278 328 352 385 394 488 509 517 535 633 644 671 681 875 908
21 24 36 97 199 203 256 360 431 444 499 537 611 627 637 765
58 83 99 130 261 279 524 561 563 591 630 648 675 690 735 790 813 815 850 874 963 964
79 142 208 214 221 271 296 298 344 345 346 401 442 469 557 573 608 642 654 679 711 738 762 776 801 879 880 931 958 965 982 988
122 154 186 245 255 288 324 351 467 511 643 666 677 737 754 824 871 888 935
40 319 362 649 659 674 842 883
60 84 250 260 332 333 505 515 564 570 584 600 685 714 746 857 885 909 975
65 106 151 195 229 290 307 336 370 432 458 473 527 691 699 730 731 749 879 921 948 979
57 113 114 226 260 318 339 368 539 545 669 712 792 835 975
134 138 140 165 198 281 323 415 440 554 606 652 655 667 733 770 868 891 977
28 35 65 158 159 194 230 289 370 462 619 882 921 922 979 1000
62 116 173 177 251 280 379 380 395 521 645 676 788 804 828 915 942 990
134 165 222 242 249 309 440 478 507 590 695 721 752 860 868 927 959 981
3 69 142 171 174 214 221 271 296 298 345 346 347 356 401 469 476 557 573 608 635 654 679 711 738 762 801 920 931 965 982 988
81 92 109 129 131 191 204 216 254 269 282 317 322 341 427 483 494 536 547 580 684 702 717 727 844 893 945 957
80 92 131 162 216 280 340 341 395 428 468 494 580 702 709 727 750 804 844 893 915 945 990
6 93 181 197 357 508 517 610 661 668 681 782 825 864 869 875 908 996
68 261 263 264 396 436 504 524 563 585 631 658 735 784 785 815 849 900 906 963 964 971
60 72 250 260 332 333 515 531 545 564 570 584 600 685 714 746 885 909 975
186 232 334 350 398 716 820 843 848 871 888 929 935 952
19 120 128 167 175 308 388 425 457 491 506 519 641 778 811 834 838 883
25 39 49 89 104 125 202 293 299 335 343 358 410 456 490 513 574 578 609 626 670 678 707 713 786 837 912 939
94 112 132 162 275 340 377 382 428 503 533 575 587 622 720 734 950 989
15 25 39 49 87 104 125 156 299 335 343 358 409 410 456 490 513 574 578 609 626 670 707 786 837 912 939
12 111 137 207 211 253 420 478 496 538 647 959
329 388 522 550 566 641 687 692 778 838 926 949 967
80 81 109 131 191 204 216 254 282 317 322 341 427 468 483 494 536 547 580 684 702 717 727 750 844 893 945
66 82 143 197 217 233 278 328 352 385 394 509 517 535 671 681 864 875 908 941 996
88 112 132 162 275 340 377 382 428 503 533 575 587 622 709 720 734 950 989
38 96 236 303 447 530 578 603 624 809
38 95 236 303 447 809
21 36 56 67 121 203 360 371 372 431 444 499 611 627 705 715 765 787 807 854 903 947 966
4 200 212 263 272 327 430 436 585 589 631 658 785 802 866 906 934 944
68 130 304 355 528 561 563 630 648 675 690 780 790 813 830 874 911
23 26 106 284 290 295 373 375 376 432 458 527 592 691 730 738 845 879 887 931
7 29 196 240 241 270 292 423 553 629 632 638 683 688 710 728 767 817 833 839 901 962
145 166 215 243 354 417 486 525 541 593 663 664 668 722 761 763 819 878 924
150 170 321 350 378 406 485 533 700 760 796 913 916 943 991
25 39 87 89 125 202 283 293 299 335 354 358 410 456 486 490 574 609 626 670 678 713 744 761 786 912
27 170 183 220 297 321 378 389 418 485 500 520 653 700 796 820 823 829 863 916 932 937 969 991
23 26 65 73 100 195 229 290 295 375 376 432 458 527 592 691 699 730 738 749 845 879 921 979
6 145 181 357 493 508 593 610 616 661 663 668 722 740 782 851 994
110 161 344 434 596 642 646 736 753 831 846 859 867 892
80 92 126 129 131 178 191 205 216 282 306 317 419 427 482 580 684 702 717 821 894 928 938 945 957 995
108 161 434 596 642 646 736 753 831 846 858 859 867 892
50 90 137 185 207 253 478 496 542 620 721 799 860
88 94 248 377 487 503 587 604 673 720 757 898 950 989
57 74 140 226 323 339 368 539 554 599 655 669 741 745 770 792 835 955
14 74 318 459 558 601 669 712 851
143 218 223 265 278 294 325 394 433 438 464 484 640 671 694 812 941
62 77 131 178 216 280 284 347 373 379 395 419 449 482 580 828 887 915 938 942
234 326 367 543 708 726 743 872 890 953
27 46 180 276 287 337 555 710 725 767 777 806 808 907 910 914 937
17 152 176 245 277 320 324 351 392 407 467 511 577 621 774 861 946 973
19 86 128 155 175 308 425 457 472 477 479 506 519 552 641 693 764 778 811 834
56 59 97 133 257 286 301 371 431 444 465 499 582 611 627 705 715 742 787 807 854 903 947 966
70 154 186 245 255 288 351 572 634 643 666 677 737 754 824 888 954 983
29 184 276 287 329 337 386 400 532 550 553 571 597 623 665 688 710 767 806 817 901 918 926 962 967
127 169 361 365 424 569 598 755 870 894 961 970 976 980 985
25 39 49 87 89 104 202 236 299 335 343 410 490 578 609 626 670 713 732 786 939
109 178 205 216 267 306 317 373 419 427 471 482 580 684 706 769 821 836 928 938 957 995
22 124 129 169 267 361 365 424 471 598 755 870 876 894 961 970 976 980 985
19 86 120 155 167 175 308 425 457 472 479 506 519 552 641 693 778 811 834
80 109 127 191 267 282 361 365 427 471 569 598 684 717 821 894 945 957 961 976 985
68 99 262 348 524 528 561 563 583 630 648 675 690 815 830 874 963
80 81 92 109 116 216 280 317 341 395 419 427 468 482 580 684 702 709 750 804 844 893 915 938 945 990
88 94 162 275 340 382 428 503 533 547 575 587 622 720 727 734 750 760 950 989
56 59 121 257 286 301 384 441 466 582 715 742 759 787 854 903
75 78 165 222 242 249 309 323 415 440 507 554 590 721 733 752 770 860 868 959
144 169 176 252 269 314 359 361 501 502 540 565 569 795 800 847 896 961
44 147 274 330 331 397 492 560 562 649 659 660 824
50 90 111 185 207 249 253 478 496 542 620 721 799 860
75 140 525 606 618 655 667 672 733 793 865 878 977
7 46 213 220 240 241 270 292 302 311 363 450 451 605 629 632 639 683 808 826 856
57 75 113 138 226 323 339 368 539 554 599 655 733 741 745 770 792 793 835 955 977
10 54 60 161 210 224 315 332 383 399 422 434 439 505 573 628 646 685 718 753 756 857 858 859 885 933
3 62 69 79 171 173 174 177 214 221 298 345 346 347 356 369 379 401 469 476 557 567 608 635 679 762 801 828 920 965 988
66 93 115 197 217 278 328 349 352 394 433 461 509 517 535 633 644 671 681 694 941
17 135 152 176 189 252 277 285 314 334 359 407 501 540 565 577 774 795 847 896 946
102 107 166 181 243 357 417 493 541 593 663 664 668 722 851 924
9 11 18 32 61 156 160 391 409 568 707 816 818 832 837 919 992 998
44 136 274 330 331 397 492 560 649 660 737 824
222 227 242 258 273 309 387 475 512 581 590 651 695 747 752 773 779 841 927 978
38 164 259 447 514 516 530 549 607 636 789 809 873 877 940
103 204 254 269 322 341 406 483 494 533 536 547 700 727 760 913 943
13 35 73 190 194 229 307 336 370 473 526 527 691 699 731 749 797 921 948 979 1000
17 119 144 176 252 277 324 334 359 407 501 540 577 774 861 946
33 179 188 313 380 390 408 446 448 452 544 548 602 645 676 788 925
70 122 186 201 232 255 364 477 572 634 643 666 677 737 754 783 852 888 902 954 983
19 120 128 274 308 364 425 457 477 479 519 560 625 666 737 783 834 852 983
9 15 18 49 61 89 146 299 343 353 409 456 513 603 607 624 707 739 786 832 837 919 939 992 998
29 184 239 329 411 532 550 553 597 623 665 697 791 917 918 930 949 967 986 999
8 65 76 159 194 230 289 426 462 766 781 882 921 922 1000
28 76 158 194 230 289 462 588 619 922 1000
9 11 15 18 61 146 206 233 328 352 385 409 488 513 535 832 919
108 110 141 224 315 399 422 434 439 573 642 646 736 753 756 814 846 858 859 867 892 933
81 88 94 132 340 341 428 468 494 533 536 547 587 622 709 720 727 734 750 844 893 950 989
168 300 326 367 455 510 543 703 743 772 872 889 890 953 993
38 149 256 259 447 514 516 549 607 636 789 809 873 877 940
75 78 134 222 281 309 323 415 440 507 554 590 652 721 733 770 860 868 891 959
102 145 215 243 283 293 354 417 486 525 541 663 664 672 678 744 761 763 819 878 924
86 128 175 388 491 522 641 687 778 838 883
37 163 182 300 371 372 445 455 465 510 703 772 807 947 966 993
124 127 135 189 252 285 361 365 424 502 565 569 795 870 896 961 970
103 105 183 297 321 378 389 418 485 500 653 700 796 820 829 916 932 937 991
3 30 54 62 79 142 173 174 177 221 251 298 315 346 347 356 369 401 446 469 476 523 557 567 608 628 635 679 801 828 920 965 988
13 47 190 225 366 473 657 731 948 972
62 77 142 171 174 177 251 280 347 356 369 379 401 446 476 521 523 557 567 635 645 788 828 915 920 942
3 30 62 79 142 171 173 177 221 251 298 346 347 356 369 379 401 469 476 523 557 567 608 635 679 801 828 920 942 965 988
19 86 120 128 167 308 386 388 400 425 472 506 519 552 641 687 692 693 778 811 834 838 926
17 119 135 144 152 252 277 285 334 359 407 501 540 565 577 774 795 847 946
3 30 54 62 77 142 171 173 174 221 251 347 356 369 379 401 408 446 476 523 557 567 635 645 788 828 920 942 988
109 116 126 205 216 284 306 317 373 419 427 449 482 580 684 769 821 836 887 928 938 995
33 153 188 313 448 453 454 498 529 544 548 602 604 616 645 676 689 698 884 987 994
27 46 118 276 287 337 389 437 520 555 725 777 806 808 823 863 902 907 910 914 937
82 107 145 357 508 541 593 661 663 668 722 763 822 869 924
36 37 64 168 312 371 372 444 445 611 701 704 772 947 966 993
27 105 170 220 297 321 389 418 485 500 653 748 826 829 863 916 932 937 969 991
29 123 157 196 239 329 411 532 550 553 571 597 623 665 688 710 728 817 901 917 918 930 962 999
50 111 137 207 249 478 496 542 620 721 799 860 927 981
70 85 122 154 232 255 437 520 572 634 643 677 716 820 823 843 848 863 871 888 929 935 954
16 51 193 213 220 297 302 316 363 402 404 460 575 579 639 653 748 826 856 923 932 969
33 153 179 313 380 448 453 454 498 529 544 548 602 604 616 645 676 689 788 884 994
144 169 252 285 361 540 565 795 896 961 970
13 47 151 172 195 225 229 307 336 473 526 657 731 776 797 880 948 972
80 92 109 129 204 282 317 322 427 483 569 598 684 702 717 821 894 945 957 976
39 42 202 209 266 412 480 534 594 614 656 662 732 897 905
5 16 51 187 213 220 294 302 316 325 402 404 460 579 639 696 748 826 855 856 923 969
28 31 35 76 151 158 159 230 289 336 370 462 526 588 619 921 922 1000
73 106 190 208 225 229 307 432 442 527 691 711 730 731 776 879 880 931 948 958 982
29 101 184 240 241 270 411 423 532 546 553 559 632 688 710 728 767 817 833 839 901 917 962 999
66 82 93 143 217 278 352 394 509 517 535 681 825 864 875 908 941 996
42 75 209 281 338 413 414 415 481 594 606 618 652 667 891
21 24 32 52 67 203 256 360 391 514 516 537 595 612 637 765 789 873 903 940
4 20 98 212 263 272 327 430 436 585 589 631 680 735 785 802 850 866 906 934 944 964
154 437 472 477 552 572 634 666 693 725 764 777 783 852 902 910 914 954 983
25 39 42 87 104 125 192 209 266 293 335 410 490 594 678 713 732
21 24 52 67 97 199 256 360 391 431 537 595 612 627 637 705 742 765 873 903
80 92 150 191 254 269 282 322 341 483 494 502 536 547 702 717 727 945
23 26 109 126 178 267 284 295 306 317 373 376 419 471 684 706 769 821 836 845 887 928 938 995
9 15 18 66 160 217 233 328 352 385 488 509 513 535 681 822 832 869 908
12 50 90 111 137 185 211 253 478 496 620 647 721 799 860
69 195 214 225 271 296 344 442 596 642 654 711 736 762 776 879 880 904 931 958 982
39 42 192 198 202 266 413 414 480 534 594 614 618 667 713 732
10 30 54 60 141 315 332 383 408 439 446 452 523 567 628 685 714 718 810 840 968
12 90 207 253 420 478 496 538 647
20 98 200 246 261 272 430 585 631 680 735 803 850 866 964
16 51 139 187 193 220 302 311 316 363 404 450 451 460 605 615 639 748 826 856 932 969
69 79 142 208 271 296 298 344 345 346 401 442 469 557 608 654 679 711 738 762 776 801 879 880 931 958 965 982 988
102 166 243 283 293 354 417 486 525 664 672 678 744 761 763 819 878
80 81 92 109 116 126 131 178 280 317 341 395 419 427 482 580 684 702 844 893 915 938 945
66 93 143 197 206 233 328 349 352 385 394 433 461 509 517 535 633 644 671 681 875 908
115 223 238 265 278 294 325 464 484 556 586 615 640 671 694 696 812 855 923 941
48 246 272 349 384 466 489 680 759 768 803 881 960
16 51 105 139 183 187 193 213 297 302 316 363 404 418 460 485 639 653 748 826 856 932 937 969
3 30 54 69 79 142 171 174 177 298 315 346 347 356 369 401 422 434 469 476 523 557 567 573 608 635 646 679 756 801 920 965 988
78 134 148 165 242 249 258 309 323 387 440 507 512 554 590 599 695 733 752 770 860 868 927
115 218 238 311 325 327 438 450 451 470 484 556 586 589 615 694 812 944
10 60 141 161 315 332 333 399 422 439 505 570 685 714 753 756 814 857 858 885 933
47 172 190 195 208 229 307 366 442 731 776 880 904 948 958 972
57 74 113 140 318 323 339 368 539 554 599 655 669 741 745 792 835 955
148 258 273 387 475 512 651 747 771 773 779 841 978
34 43 63 300 455 510 703 708 723 775 780 827 862 872 889 890 911 974
73 106 151 190 195 225 307 336 370 432 473 527 691 699 730 731 749 776 879 880 948
28 65 76 158 159 194 289 462 619 766 882 921 922 1000
11 48 61 257 466 568 686 759 768 816 818 881 960
85 154 186 255 389 437 520 572 634 643 677 777 820 823 843 848 863 871 888 902 910 914 929 954
15 18 66 93 160 206 217 328 352 385 488 509 517 535 681 822 869 875 908
117 326 510 543 708 726 743 872 889 890 953
244 396 403 411 416 423 463 474 497 546 559 613 784 839 853 917 986 999
38 95 96 125 299 303 343 447 530 578 603 624 662 732 809
305 320 330 392 467 576 621 724 973
218 223 311 327 430 438 451 470 484 556 586 589 615 694 802 812 866 934 944
157 184 329 411 532 550 566 597 665 697 791 798 917 918 930 949 967 986 999
7 29 46 101 139 196 241 270 276 287 292 337 555 605 629 632 683 688 710 728 767 806 808 817 901 907 962
7 101 139 196 240 270 292 450 470 605 629 632 638 683 728 767 833
78 134 148 222 249 258 309 323 387 507 512 554 590 695 741 752 770 868 927
102 145 166 215 354 417 525 663 664 672 761 763 819 878
235 403 416 463 474 497 546 613 853 986
70 119 122 288 305 320 324 351 392 467 511 576 621 643 716 861 871 935 973
212 219 272 349 433 438 461 489 680 694 803 944
273 339 429 531 545 564 581 600 651 741 773 841 886 895 975
5 112 268 294 377 487 498 610 673 719 757 825 864 898 951 984
78 134 137 185 222 242 309 507 512 542 590 695 721 752 860 927 978 981
60 72 84 260 332 333 515 545 564 570 600 714 746 909 975
3 30 62 77 171 173 174 177 347 356 369 379 408 446 476 521 523 557 567 635 645 788 828 920 942
135 144 152 169 176 189 285 314 334 359 407 501 502 540 565 795 800 847 896
12 90 111 137 207 211 420 478 496 538 647 799
80 92 150 204 269 322 341 483 494 536 547 702 727 750 760 844 943 945
70 122 154 186 232 437 520 572 634 643 666 677 777 823 843 848 852 863 871 888 902 910 914 929 954
24 67 164 199 203 360 514 516 537 636 637 765 789 873 940
56 59 121 133 231 286 301 384 441 466 742 759 787 881 903 960
148 222 227 242 273 309 387 475 512 651 695 747 752 773 779 841 927 978
38 149 164 447 514 530 549 636 789 809 873 877 940
14 72 74 84 250 332 518 545 564 570 600 712 714 758 909 975
20 58 68 83 212 264 279 504 563 585 591 631 648 680 735 815 850 964
130 348 524 563 583 690 794 815 849 963
4 83 98 200 264 396 430 436 504 559 585 631 658 784 785 802 833 849 866 900 906 934 964 971
4 83 261 263 396 436 504 524 559 585 631 658 784 785 815 849 900 906 964 971
5 115 218 268 278 294 325 464 640 671 696 719 812 855 864 898 923 941 951
39 42 192 202 209 480 534 594 614 656 662 732 897
126 127 129 205 306 471 598 617 706 755 769 821 836 876 894 928 936 957 976 985 995
5 248 265 294 377 402 464 487 610 640 673 696 719 757 825 864 898 951 984 996
80 135 150 204 254 282 314 322 406 483 494 502 536 800 896 943
7 101 139 196 240 241 292 450 470 605 629 632 638 683 728 767 833
69 79 208 214 296 298 344 345 401 434 442 469 573 608 642 646 654 679 711 736 762 776 801 859 880 931 958 965 982 988
20 98 200 212 219 246 327 430 489 589 631 680 735 785 803 850 866 934 944 964
1 148 227 247 258 387 429 475 581 651 747 771 773 779 841 886 895
44 136 147 155 331 364 397 492 560 625 660 737 754 824
88 94 132 297 377 382 402 503 533 575 579 622 720 734 950 989
29 46 118 123 180 240 287 337 555 571 623 688 710 725 767 806 808 817 901 907 962
17 119 144 152 176 285 359 407 501 540 577 774 795 861 946
66 93 115 143 197 218 265 294 394 464 509 517 640 671 681 694 719 864 941
20 41 45 58 59 68 261 441 495 582 591 648 680 682 735 790 803 805 813 850 956 964
62 77 81 116 131 173 216 379 380 395 449 482 521 676 804 828 893 915 942 990
75 165 198 338 413 414 415 440 481 606 618 652 667 733 868 891 959
80 92 109 129 191 204 269 317 322 427 483 569 598 684 702 717 821 894 945 957 976
15 104 166 215 293 354 358 456 486 488 490 513 541 574 609 626 670 678 744 761 763 786 822 869 912 924
23 26 100 116 178 205 295 373 375 376 419 449 458 738 845 887 938 995
144 169 176 189 252 277 359 540 565 577 774 795 946
41 56 59 121 133 257 301 384 441 465 495 582 715 787 805 807 854 956
46 118 123 180 240 276 337 555 571 688 710 725 767 806 808 817 901 907 962
70 122 245 305 320 324 351 392 467 511 576 643 677 754 824 935 973
28 76 158 159 194 230 462 619 766 882 922 1000
23 26 65 73 100 106 295 375 376 432 458 527 592 691 699 730 749 845 921 979
2 14 381 390 421 452 459 493 518 551 558 601 698 729 740 758 810 851 925 987
7 46 101 139 240 241 270 363 450 470 605 629 632 638 683 710 767 808 907
25 39 87 104 166 202 215 283 335 354 358 410 486 490 574 609 626 670 678 713 744 761 912
5 115 193 218 248 265 268 278 325 402 464 579 640 696 719 757 825 855 864 898 923 941 951
23 26 100 106 205 284 290 373 375 376 393 432 458 527 592 730 769 836 845 887 995
69 79 208 214 271 298 344 345 401 434 442 469 573 608 642 654 679 711 736 762 776 801 879 880 931 958 965 982 988
16 51 105 170 183 187 220 275 316 378 404 418 485 503 575 653 700 748 796 826 932 969 991
3 69 79 142 171 174 214 221 271 296 345 346 347 356 401 469 476 557 573 608 635 654 679 711 738 762 801 920 931 958 965 982 988
25 39 49 87 89 104 125 156 236 335 343 353 490 530 578 603 624 626 707 732 786 837 939
37 43 163 168 228 445 455 510 703 743 772 862 872 889 890 953 993
56 59 121 133 257 286 384 441 465 582 705 715 742 787 854 903
16 51 139 187 193 213 220 311 316 325 363 404 450 451 460 470 484 556 586 615 639 826 855 856 923 969
95 96 236 662 809 905
63 99 355 374 405 528 675 775 780 830 911
237 245 288 320 392 467 576 621 724 973
109 126 178 205 267 317 427 471 598 684 706 717 769 821 836 876 894 928 938 957 976 995
73 151 190 195 225 229 336 442 473 527 691 730 731 749 776 879 880 948
19 86 120 128 155 175 425 457 472 477 479 506 519 552 625 641 693 764 778 783 811 834
78 134 148 165 222 242 249 258 387 507 512 542 590 695 721 752 860 927 978 981
53 515 531 584 746 857 899
139 213 223 238 302 325 363 450 451 460 470 484 556 586 615 639 683 812 856
36 64 182 371 372 445 701 704 772 966 993
33 153 179 188 380 408 446 448 452 521 544 548 602 645 676 788 925
135 144 252 269 359 361 501 502 540 565 569 800 847 896 961
3 10 30 54 141 161 171 210 221 224 356 383 422 434 439 469 476 523 567 573 608 628 642 646 718 756 859 933
16 51 187 193 213 220 297 302 363 402 404 460 579 639 653 748 826 856 923 932 969
80 92 109 126 131 178 191 205 216 282 306 419 427 482 580 684 702 717 821 928 938 945 957 995
74 114 226 459 558 669 712
40 71 331 362 562 649 659 674 842
119 237 245 288 305 324 351 392 467 511 576 621 724 861 973
103 105 170 183 350 378 389 418 485 500 653 700 796 820 829 843 848 863 913 916 991
80 92 150 191 204 254 269 282 341 483 494 536 547 702 717 727 760 943 945
57 75 113 134 140 165 222 226 242 339 368 440 539 554 599 655 733 741 745 770 792 835 868 955
17 70 119 152 245 288 320 351 467 511 716 861 871 935 973
115 193 218 223 265 294 302 311 404 451 460 464 484 556 586 615 639 640 696 812 855 856 923 941
43 117 163 234 510 543 708 726 743 872 889 890 953
4 98 200 223 238 272 430 438 470 589 631 785 802 866 934 944
9 18 66 93 143 160 206 217 233 352 385 394 488 509 517 535 633 644 681 822 875 908
91 123 157 184 239 386 400 532 550 566 597 623 665 687 692 791 917 918 926 930 949 967
44 136 147 237 397 492 660
40 44 136 147 274 319 362 397 457 492 560 625 649 659 660 674
10 60 72 84 141 210 224 250 260 333 383 439 505 570 685 714 718 758 810 840 857 885 909
10 60 72 84 224 250 332 399 439 505 515 570 584 685 714 746 857 858 885 909 933
17 85 144 152 176 252 359 398 407 501 716 800 847 952
25 39 49 87 89 104 125 202 293 299 343 358 410 456 490 578 609 626 670 707 713 732 786 837 912 939
35 73 151 190 194 229 307 370 473 526 527 691 699 731 749 797 921 948 979 1000
29 46 118 123 180 240 276 287 555 571 623 688 710 725 767 806 808 817 901 907 962
12 198 281 413 414 415 420 443 481 538 647 650 652 891 959
57 74 113 140 226 247 323 368 539 545 554 581 599 741 745 770 792 835 886 955
81 88 94 132 162 382 428 468 533 587 622 709 720 727 734 750 844 893 950 989 990
80 81 92 131 150 162 204 216 254 322 468 483 494 536 547 702 709 727 750 844 893 945
8 55 393 426 617 751 766 781 882 936
25 49 87 89 125 156 236 299 335 353 409 456 490 513 530 578 603 624 626 707 739 786 837 912 939 998
69 108 208 214 271 296 434 442 573 596 642 646 654 711 736 762 776 801 859 880 892 904 958 982
69 79 142 214 271 296 298 346 347 375 401 469 557 679 711 738 762 801 879 887 931 965 982 988
62 69 79 142 171 174 214 221 298 345 347 356 379 401 449 469 476 557 608 635 679 738 762 801 828 887 920 931 965 982 988
3 62 79 116 142 171 173 174 177 221 251 298 345 346 356 369 379 401 449 469 476 557 567 608 635 679 801 828 920 942 965 988
130 262 583 630 690 794 830 874 963
48 143 217 219 246 433 461 466 489 633 644 686 768 881 960
85 103 321 398 406 700 800 913 916 943 952
70 119 122 245 288 320 324 467 511 643 677 716 861 871 935 973
66 93 143 160 197 206 217 233 328 385 394 488 509 517 535 681 822 875 908
32 38 49 156 299 343 391 409 530 549 578 603 607 624 707 739 837 877 919 939 992 998
102 104 166 215 243 283 293 358 417 486 490 541 574 609 664 670 678 744 761 763 819 878 912 924
63 99 304 374 405 528 561 630 675 775 780 827 830 874 911
3 30 54 62 79 142 171 173 174 177 221 251 298 315 346 347 369 401 469 476 523 557 567 573 608 635 679 801 828 920 965 988
6 82 107 145 181 493 508 541 593 661 663 668 722 740 782
15 25 49 87 89 104 283 293 335 354 410 456 486 490 513 574 609 626 670 678 744 763 786 837 912
17 135 144 152 176 252 277 285 314 334 407 501 540 565 577 774 795 800 847 896 946
21 24 36 67 97 199 203 256 431 444 499 537 611 627 637 765
124 127 129 135 169 189 314 365 424 502 565 569 598 870 894 896 961 970 976 985
40 71 319 331 562 649 659 674 842 883
16 46 51 139 187 213 220 292 302 311 316 404 450 451 460 605 629 639 748 826 856 932 937 969
19 154 155 274 425 457 477 479 519 560 625 666 737 754 783 834 852 983
124 127 129 169 361 424 569 598 755 870 894 961 970 976 985
47 172 225 596 892 904 972
117 163 543 743 953
57 74 113 140 226 323 339 539 554 581 599 741 745 770 792 835 886 955
3 30 54 62 142 171 173 174 177 221 251 347 356 401 408 446 469 476 523 557 567 608 628 635 679 828 920 942 965 968 988
31 35 65 73 76 151 194 229 336 473 526 691 699 749 797 921 948 979 1000
36 37 64 97 121 168 182 312 372 431 444 445 499 611 627 701 704 715 772 807 947 966 993
36 37 64 97 168 182 312 371 431 444 445 499 611 627 701 704 772 807 947 966 993
23 26 100 116 126 178 205 284 295 375 419 449 482 738 836 845 887 938 995
63 304 355 405 775 780
23 26 100 106 284 290 295 345 373 376 432 458 527 592 730 738 845 879 887 931
23 26 100 106 205 284 290 295 375 393 432 458 527 592 691 730 769 836 845 887 979
5 88 94 112 248 268 275 402 503 579 673 696 720 734 757 898 951
103 105 170 297 321 382 418 485 533 575 622 653 700 760 796 829 913 916 943 991
62 77 116 142 173 174 177 251 280 346 347 395 401 449 482 557 635 828 915 920 942 965
33 77 153 188 280 313 395 448 521 548 602 604 645 676 709 788 804 915 942 990
2 14 291 390 421 452 459 518 551 601 729 758 810 840 925 968
88 94 132 275 340 378 428 503 533 575 587 622 720 734 950 989
3 10 30 54 60 141 210 315 332 408 422 439 446 523 567 628 685 714 718 810 840 968
59 133 219 257 286 301 441 466 759 803 881 960
15 18 66 93 160 206 217 233 328 352 488 509 517 535 681 822 869 875 908
123 175 329 400 472 506 550 552 571 597 623 641 665 692 693 811 918 926 967
148 222 227 242 258 273 309 475 512 590 695 747 752 773 779 841 927 978 981
86 91 167 175 522 641 687 692 778 838
27 105 170 180 183 232 321 418 437 485 500 520 725 777 820 823 829 843 848 863 910 916 937
2 153 291 381 408 421 452 459 493 544 551 601 698 729 740 851 884 925 987
32 52 61 146 199 203 353 549 568 595 607 612 739 816 818 919 992 998
119 237 245 288 305 320 467 511 576 621 724 861 973
8 295 342 376 426 592 617 706 751 769 781 836 876 928 936
66 93 115 143 197 217 278 328 352 433 464 509 517 535 633 640 644 671 681 864 875 941
77 81 116 131 216 280 379 380 419 449 468 482 521 580 804 844 893 915 942 990
4 83 235 263 264 403 423 436 463 504 524 546 559 585 658 784 785 839 849 853 900 906 971
44 136 147 274 330 331 492 562 649 659 660
85 334 350 406 716 800 847 929 952
10 53 141 161 224 333 439 505 685 753 814 846 857 858 885 899 933
123 175 329 386 472 506 550 552 571 597 623 641 665 692 693 811 918 926 967
3 62 69 79 142 171 173 174 177 214 221 271 296 298 345 346 347 356 369 379 469 476 557 567 608 635 679 711 762 801 828 920 965 982 988
5 16 51 187 193 268 275 294 316 377 404 460 503 579 696 757 855 898 923
235 244 396 416 423 463 474 497 524 546 559 613 784 839 849 853 986
16 51 187 193 213 220 297 302 316 325 363 402 451 460 579 615 639 696 748 826 855 856 923 969
63 304 355 374 775 780 830
103 150 269 350 398 760 800 913 943 952
17 119 144 152 176 252 277 334 359 501 540 577 774 861 946
30 54 153 177 210 251 313 369 383 390 446 452 523 567 628 645 718 788 925 968
9 15 18 49 61 89 146 156 160 343 353 456 513 626 707 786 832 837 912 919 939 992 998
25 39 87 89 104 125 202 293 335 358 486 490 609 626 670 678 713 732 744 761 912
29 157 184 196 235 239 416 423 532 546 553 559 613 665 728 791 839 917 930 999
192 480 534 614 656 662 897 905
42 198 209 281 338 414 415 480 481 594 618 652 667 891
42 198 209 281 338 413 415 480 481 594 618 650 652 667 891
75 134 165 198 281 338 413 414 440 481 606 652 667 733 868 891 959
235 244 403 411 423 463 474 497 546 559 613 697 791 798 839 853 917 986 999
102 145 166 215 243 354 486 525 541 663 664 672 678 744 761 763 819 878 924
27 105 170 183 220 297 321 378 389 485 500 653 700 748 796 820 829 863 916 932 937 969 991
109 116 126 131 178 205 216 284 317 373 395 427 449 482 580 684 887 938 995
12 90 211 253 338 435 443 481 496 538 647
2 291 381 390 459 493 544 551 558 601 698 722 729 740 851 925 987
3 10 141 161 221 224 315 383 434 439 469 573 608 642 646 654 736 753 756 846 859 933
101 196 235 396 403 411 416 436 463 532 546 559 658 728 784 833 839 900 906 917 999
124 127 169 361 365 569 598 755 870 894 961 970 976 980 985
19 86 120 128 155 175 308 364 457 472 477 479 506 519 552 625 641 693 764 778 783 811 834 983
8 55 65 158 342 393 592 751 766 781 882 921 979
80 92 109 126 129 131 178 191 216 282 306 317 419 482 580 684 702 717 821 894 928 938 945 957 995
81 88 94 132 162 340 382 468 533 587 604 622 709 720 727 734 750 950 989
1 247 273 475 531 581 651 747 771 773 779 841 886 895
4 98 200 212 238 263 272 327 436 585 589 631 785 802 866 906 934 944
21 36 56 67 97 121 203 360 371 372 444 499 611 627 705 715 765 807 854 903 947 966
23 26 65 73 100 106 195 229 290 295 375 376 458 527 592 691 699 730 738 749 845 879 921 979
115 143 217 246 349 394 438 461 489 509 633 644 671 694 768
3 108 110 141 161 221 271 296 315 344 422 469 573 608 642 646 654 679 711 736 753 756 762 801 846 859 892 958
420 443 538 650
4 83 98 200 263 264 396 423 430 504 559 585 631 658 784 785 833 849 866 900 906 934 971
27 180 186 201 232 255 389 500 520 572 634 725 777 820 823 829 843 848 863 902 910 914 954
115 223 238 246 327 433 461 484 489 589 694 812 944
10 54 60 141 161 210 224 315 332 333 383 399 422 505 570 628 685 714 718 756 840 857 858 885 933
75 78 134 165 222 281 323 415 507 554 590 652 733 770 868 891 959
41 58 59 133 257 279 286 301 384 495 582 591 682 759 787 803 956
69 195 208 214 225 271 296 307 344 642 654 711 731 736 762 776 879 880 904 931 958 982
338 420 435 481 538 647 650
21 36 67 97 121 182 360 371 372 431 445 499 611 627 704 715 765 807 947 966
37 64 168 182 300 312 371 372 444 455 499 611 701 703 704 772 807 947 966 993
30 54 153 171 173 177 210 251 313 369 383 408 452 476 523 567 628 645 718 788 968
38 95 96 149 164 236 259 514 530 549 603 607 624 636 809 877 940
33 153 179 188 313 380 521 548 587 602 604 645 676 720 788 804 990
62 116 178 280 284 346 347 373 379 395 419 482 557 828 887 915 920 938 942
7 139 213 223 241 270 292 302 311 363 451 470 484 556 586 605 615 629 638 639 683 802 856
51 139 213 223 238 302 311 325 363 404 450 460 470 484 556 586 605 615 639 812 826 855 856
2 30 54 153 210 291 313 381 390 408 446 523 551 628 645 718 788 925 968
6 33 179 188 454 487 498 508 529 544 610 616 661 673 689 698 782 884 984 987 994
6 33 179 188 453 487 498 508 529 544 610 616 661 673 689 698 782 884 984 987 994
37 43 163 168 228 300 445 510 703 723 743 772 862 872 889 953 993
15 18 25 49 87 89 104 156 283 335 343 358 409 486 490 513 574 609 626 670 707 786 832 837 912 939
19 86 120 128 155 308 331 364 425 477 479 491 519 560 625 834 883
23 26 65 73 100 106 284 290 295 375 376 432 527 592 691 699 730 738 749 845 879 887 921 979
2 14 114 291 318 381 390 421 493 518 551 558 601 669 712 729 740 758 851
16 51 187 193 213 220 302 311 316 325 363 402 404 451 579 615 639 696 748 826 855 856 923 969
48 143 217 246 349 433 438 489 509 633 644 671 686 694 768
28 31 35 76 158 159 194 230 289 588 619 922 1000
235 244 396 403 416 423 474 497 546 559 613 839 849 853 986
5 115 218 265 268 278 294 325 394 640 671 696 719 757 825 855 864 898 923 941 951
37 59 121 168 286 301 495 582 703 715 787 805 807 854 947 956 966 997
11 48 133 219 231 257 349 384 686 759 768 881 960
70 119 237 245 288 305 320 324 351 392 511 576 621 724 861 935 973
81 92 131 162 340 341 395 428 494 547 709 727 750 804 844 893 950 990
3 30 69 79 142 171 174 214 221 271 296 298 315 345 346 347 356 369 401 422 434 476 523 557 567 573 608 635 642 654 679 711 762 801 920 965 988
7 223 238 241 270 292 302 311 327 450 451 484 556 586 589 605 615 629 638 639 683 802 934 944
126 127 129 205 267 306 598 617 706 755 769 821 836 876 894 928 936 957 976 985 995
19 120 128 175 201 308 386 400 425 506 519 552 571 641 693 764 811 914 926
13 31 35 73 151 172 190 229 307 336 370 526 657 731 749 797 948
235 244 403 416 463 497 546 613 849 853 986
148 227 258 273 387 429 512 651 747 771 773 779 841 978
3 30 54 62 79 142 171 173 174 177 221 251 298 315 346 347 356 369 401 446 469 523 557 567 573 608 628 635 679 801 920 965 988
19 120 154 155 201 308 364 425 457 479 519 560 572 625 634 666 737 764 783 834 852 902 983
12 78 90 111 137 185 207 211 253 496 647 721 799 860 959
19 120 128 155 308 364 425 457 477 519 560 625 666 783 834 983
42 192 209 266 412 413 414 534 594 614 650 656 662 897 905
12 198 281 338 413 414 415 420 443 647 650 652 667 891 959
109 116 126 131 178 216 280 317 373 379 395 419 427 449 580 684 828 915 938
80 92 150 191 204 254 269 282 322 341 494 536 547 702 727 760 943 945
115 218 223 238 302 311 325 438 450 451 470 556 586 615 639 694 812 855 944
103 105 170 183 220 297 321 378 389 418 500 653 700 748 796 820 829 916 932 937 969 991
102 104 166 215 283 293 354 358 410 417 456 490 541 574 609 626 670 678 744 761 763 869 912 924
6 112 248 268 453 454 498 508 529 610 616 661 673 689 757 782 825 884 898 951 984 994
15 18 66 160 206 233 283 328 352 385 513 535 541 574 681 822 869 875 908 924
219 246 272 349 433 438 461 633 644 694 768 944
25 39 49 87 89 104 125 202 283 293 299 335 343 354 358 410 456 486 513 574 609 626 670 678 713 744 786 912 939
40 86 167 457 674 778 834 883
44 136 147 274 330 331 397 560 649 660 737 824
2 107 145 291 357 390 421 459 508 551 663 698 722 729 740 851 987
80 81 92 150 162 204 254 269 322 341 468 483 533 536 547 702 727 750 760 844 893 943 945
41 45 58 59 279 286 441 465 582 591 682 787 790 805 813 956 997
12 90 111 137 185 207 211 253 420 478 647 721 799
235 244 403 416 463 474 546 613 697 791 798 839 853 917 986 999
6 33 179 188 248 453 454 487 508 529 610 616 661 673 689 782 825 884 984 994
21 36 67 97 121 360 371 372 431 444 445 611 627 704 705 715 765 807 854 947 966
27 105 170 183 321 389 418 437 485 520 653 700 777 796 820 823 829 843 848 863 916 932 937 991
17 135 144 152 176 252 277 314 334 359 407 540 565 577 774 795 800 847 896 946
135 169 204 252 269 314 361 565 569 800 847 896 961
5 88 94 112 132 275 297 377 382 402 533 575 579 622 720 734 950 989
4 83 261 263 264 396 436 524 559 585 631 658 784 785 815 849 900 906 971
10 53 60 72 141 224 332 333 399 439 515 570 685 714 746 814 857 858 885 933
19 86 120 128 175 308 386 400 425 472 519 552 571 623 641 687 692 693 778 811 918 926 967
78 134 165 222 242 249 309 440 512 542 590 695 721 752 860 868 927 981
6 82 107 181 357 453 454 487 493 498 529 610 616 661 689 722 740 782 884 984 994
66 93 143 197 206 217 233 278 328 352 385 394 433 461 517 535 633 644 671 681 875 908
34 43 63 163 168 228 234 300 326 455 703 708 723 726 743 862 872 889 890 953
70 119 245 288 320 324 351 392 467 621 716 861 871 935 973
148 222 227 242 249 258 309 387 475 507 542 590 695 752 779 927 978 981
15 18 49 87 89 156 160 206 283 343 358 409 456 488 490 574 609 626 670 707 786 832 837 912 939
38 149 164 199 256 259 447 516 530 549 607 636 637 789 873 877 940
72 84 250 310 333 505 531 564 570 584 600 746 857 885 909
24 149 164 199 256 514 537 636 637 789 873 940
66 82 93 143 197 217 233 278 328 352 385 394 509 535 681 822 864 875 908 996
2 14 260 291 381 459 558 601 712 714 758 810 840
19 86 120 128 155 175 308 364 425 457 472 477 479 506 552 625 641 693 764 778 783 811 834 852 983
27 105 180 186 232 255 389 437 500 572 634 725 777 820 823 829 843 848 863 902 910 914 937 954
77 173 251 280 313 380 395 448 602 645 676 788 804 915 942 990
91 167 388 566 641 687 692 778 838 949 967
3 30 54 171 173 174 177 210 221 251 315 356 369 383 408 446 452 469 476 557 567 608 628 635 718 920 968 988
68 83 130 262 264 396 403 504 563 690 794 815 849 853 900 963 971
102 138 166 215 243 417 655 664 672 761 793 819 865 878 977
13 31 35 151 190 194 336 370 473 657 797 948
23 65 73 100 106 151 195 229 290 295 307 336 375 376 432 458 592 691 699 730 749 879 921 979
45 63 99 130 304 355 561 630 675 780 790 813 827 830 874 911 974
6 33 179 188 453 454 487 498 508 544 548 604 616 661 689 698 884 987 994
38 95 149 236 259 299 343 353 447 514 549 578 603 607 624 636 739 809 877 939 998
1 84 247 310 429 515 545 564 584 600 746 895 909
29 123 157 184 196 239 329 411 423 546 550 553 597 623 665 688 728 791 817 839 901 917 918 930 962 999
88 94 103 132 150 162 275 340 378 382 428 494 503 547 575 622 700 727 734 760 796 913 943 950 989 991
42 192 209 266 412 480 594 614 656 662 732 897 905
66 93 143 160 197 206 217 233 328 352 385 394 488 509 517 633 644 671 681 875 908
80 92 150 162 204 254 269 322 341 483 494 547 702 727 750 760 844 943 945
21 24 52 67 199 203 256 360 516 627 637 765 789 873
12 90 211 253 338 420 435 443 647
57 74 113 140 226 323 339 368 554 581 599 741 745 770 792 835 886 955
17 135 144 152 176 189 252 277 285 314 359 407 501 565 577 774 795 847 896 946
102 145 166 181 283 354 357 417 486 488 593 663 664 668 763 822 869 908 924
111 137 185 249 309 507 512 590 695 721 752 860 927 978 981
117 163 234 326 367 708 726 743 872 890 953
33 153 179 188 313 390 421 453 454 529 548 551 616 689 698 729 740 884 925 987 994
74 84 247 250 260 339 531 564 581 600 886 909 975
196 235 244 396 403 411 416 423 463 474 497 532 559 613 784 839 853 900 917 986 999
80 92 132 150 162 204 254 322 341 468 483 494 533 536 727 750 760 913 943
33 153 179 188 313 380 448 529 544 602 604 616 645 676 689 788 884
32 38 149 164 259 353 391 447 514 530 603 607 624 636 739 809 877 940 992 998
91 123 157 184 239 329 386 400 532 566 597 623 665 687 692 791 917 918 926 930 949 967
2 291 381 390 421 452 459 493 544 601 698 729 740 851 884 925 987
19 120 128 175 201 308 386 400 425 472 506 519 571 641 693 764 811 926
29 101 123 157 184 196 411 532 571 597 623 665 688 710 728 767 817 901 917 918 930 962 999
57 75 113 134 140 165 222 226 242 323 339 368 440 539 599 655 733 741 745 770 792 835 868 955
27 46 118 180 240 276 287 337 571 688 710 725 767 806 808 817 901 907 962
218 223 238 302 311 325 450 451 470 484 586 589 615 639 802 812 856 944
3 62 69 79 142 171 173 174 177 214 221 251 298 345 346 347 356 369 379 401 449 469 476 523 567 608 635 679 801 828 920 965 988
2 14 114 291 318 421 459 518 601 669 712 851
4 196 235 263 264 396 403 411 416 423 436 463 504 546 658 728 784 833 839 849 853 900 906 971 999
44 136 147 155 274 331 364 457 477 479 492 625 660 666 737 754 783 824 834 983
45 58 68 99 130 355 528 563 591 630 648 675 682 790 805 813 827 874 911 974 997
44 136 319 362 397 649 659
58 68 83 99 130 261 262 524 561 630 648 675 690 735 815 850 874 963 964
72 84 247 250 260 515 531 545 584 600 746 886 895 909 975
135 144 169 176 189 252 285 314 359 361 501 502 540 569 795 800 847 896 961
91 239 329 522 550 597 665 687 692 838 930 949 967
3 30 54 62 142 171 173 174 177 210 221 251 315 347 356 369 383 401 408 446 469 476 523 557 608 628 635 679 718 920 965 968 988
32 52 61 146 231 391 595 612 816 818 919 992 998
124 129 135 169 191 282 314 361 365 424 502 565 598 717 870 894 896 961 970
10 60 72 84 224 250 260 332 333 439 505 515 685 714 746 758 810 840 857 885 909
29 123 184 276 287 337 386 400 472 506 552 553 555 597 623 665 688 693 710 767 806 817 901 918 926 962
122 154 186 201 232 255 437 477 520 634 643 666 677 764 777 783 823 852 888 902 910 914 954 983
3 69 79 141 161 221 271 296 298 315 344 356 422 434 469 476 608 642 646 654 679 711 736 753 756 762 801 859 965 988
15 49 87 89 104 283 293 354 358 456 486 488 490 513 609 626 670 678 744 763 786 822 912 924
88 94 132 187 275 297 378 382 503 533 622 653 700 734 748 796 989 991
237 245 288 305 320 392 467 621 724 824 973
17 119 144 152 176 277 285 359 407 501 540 774 795 861 946
25 49 87 89 95 125 236 299 335 343 353 530 603 607 624 707 739 837 939
5 16 51 187 193 275 294 316 377 402 404 460 503 696 748 757 855 898 923
80 81 92 109 116 126 131 178 216 317 395 419 427 482 684 702 821 844 893 938 945 957 995
57 148 247 273 339 368 429 539 545 599 651 741 792 835 841 886
41 45 58 59 121 133 279 286 301 441 465 495 591 682 787 790 805 813 854 956 997
130 262 348 630 675 690 794 830 874 963
72 84 310 333 515 531 564 600 746 857 885 895 899 909
4 83 98 200 212 261 263 264 396 430 436 504 631 658 735 784 785 849 850 866 900 906 934 964 971
218 223 238 302 311 325 450 451 470 484 556 589 615 639 812 855 856 944
88 94 112 132 162 340 382 428 448 602 604 622 709 720 734 950 989
28 31 35 159 194 462 619 922
4 98 200 223 238 272 327 430 438 470 556 586 638 785 802 866 906 934 944
78 134 148 165 222 242 249 309 387 440 507 512 542 695 721 752 860 868 927 981
20 41 45 58 59 68 261 279 441 495 561 582 648 682 735 790 803 805 813 850 956 964 997
8 23 26 65 100 106 290 295 375 376 393 426 432 458 527 691 730 769 845 979
102 107 145 181 357 541 663 664 668 722 763 869 924
39 42 192 198 202 209 266 413 414 480 534 614 618 667 732 897
21 32 52 61 199 203 391 568 612 705 742 816 818 903
108 110 208 344 366 642 654 736 753 831 846 859 867 892 904 958
123 157 184 239 329 386 400 532 550 553 566 571 623 665 692 791 917 918 926 930 949 967 999
124 127 129 191 267 282 306 361 365 424 471 569 717 755 821 870 894 928 957 961 976 985
57 113 140 222 226 323 339 368 539 554 581 733 741 745 770 792 835 955
72 84 247 250 260 515 531 545 564 584 746 886 895 909 975
2 14 114 291 381 390 421 459 518 551 558 712 729 740 758 810 851 925 987
33 153 179 188 313 380 448 521 548 587 604 645 676 720 788 804 990
38 49 95 156 236 299 343 353 447 530 549 578 607 624 707 739 809 837 877 919 939 992 998
33 112 179 188 380 428 448 529 548 587 602 676 720
7 46 139 213 240 241 270 292 363 450 451 470 629 632 638 639 683 767 808 826 907
75 138 198 281 415 618 652 655 667 672 733 793 865 977
32 38 149 156 164 353 391 447 514 530 549 578 603 624 636 707 739 809 877 919 939 992 998
3 30 69 79 142 171 174 214 221 271 296 298 315 346 347 356 369 401 422 434 469 476 523 557 567 573 635 642 646 654 679 711 756 762 801 859 920 965 988
15 25 49 87 89 104 125 283 293 335 354 358 410 456 486 490 513 574 626 670 678 713 744 761 763 786 912
6 82 107 248 268 453 454 487 498 508 661 673 689 719 782 825 864 951 984 994 996
21 36 67 97 121 182 360 371 372 431 444 445 499 627 704 715 765 807 947 966
21 32 52 56 199 203 391 568 595 705 715 742 765 816 903
235 244 403 411 416 463 474 497 546 697 791 798 853 917 986 999
39 42 192 209 266 412 480 534 594 656 662 732 897 905
213 218 223 238 302 311 325 404 450 451 460 470 484 556 586 639 812 855 856 923
6 33 107 179 188 453 454 487 498 508 529 544 548 661 689 698 740 782 884 987 994
8 267 342 393 471 706 751 769 836 876 928 936
42 138 198 209 281 413 414 594 606 652 655 667 713 793 865 977
28 31 35 76 159 194 230 289 462 588 922 1000
50 111 137 185 207 799
119 237 245 305 320 392 467 511 576 724 861 973
88 94 132 162 275 340 378 382 428 503 533 575 587 720 734 950 989
29 123 157 184 276 329 337 386 400 506 532 550 553 571 597 665 688 710 806 817 901 918 926 930 962 967
38 95 156 236 299 343 353 447 530 549 578 603 607 636 707 739 809 837 877 939 992 998
19 155 274 308 331 364 425 457 477 479 519 560 666 737 783 834 983
15 25 49 87 89 104 125 283 293 299 335 343 358 409 410 456 486 490 513 574 609 670 678 707 744 786 837 912 939
21 36 52 56 67 97 121 203 360 371 372 431 444 499 537 611 705 715 765 807 854 903 947 966
3 10 30 54 141 171 210 315 369 383 408 439 446 452 476 523 567 685 718 810 840 968
7 46 101 139 240 241 270 292 363 450 470 605 632 638 639 683 767 808 907
68 99 130 348 355 528 561 563 583 648 675 690 790 815 830 874 963
20 83 98 200 212 261 263 264 272 327 430 436 504 585 658 680 735 785 850 866 906 934 964 971
7 29 46 101 139 196 240 241 270 292 605 629 638 683 688 710 728 767 808 817 833 901 962
66 143 217 328 349 394 433 461 489 509 535 644 671 681 694 768
122 154 186 201 232 255 437 477 520 572 643 666 677 764 777 783 823 852 888 902 910 914 954 983
3 30 62 79 142 171 173 174 177 221 251 298 346 347 356 369 379 401 469 476 523 557 567 608 679 801 828 920 942 965 988
38 149 164 256 259 447 514 516 530 549 607 624 789 809 873 877 940
21 24 67 199 203 256 360 514 516 537 765 789 873 940
4 7 101 241 270 292 450 470 589 605 629 632 683 728 802 833 906 934
16 51 139 187 193 213 220 302 311 316 325 363 404 450 451 460 470 484 556 586 605 615 629 826 855 856 923 969
115 218 265 268 278 294 325 394 464 671 696 719 812 855 864 923 941 951
19 86 91 120 128 167 175 308 386 388 400 425 472 506 519 522 552 687 692 693 778 811 838 926 967
69 108 110 161 208 271 296 315 344 422 434 442 469 573 596 608 646 654 679 711 736 753 756 762 801 846 859 892 958
70 122 154 186 232 245 255 288 351 572 634 666 677 737 754 783 824 852 888 954 983
48 66 143 217 328 349 394 433 461 489 509 535 633 671 686 694 768
33 77 153 173 177 179 188 251 313 380 408 446 448 452 521 548 602 676 788
3 108 110 141 161 221 271 315 344 422 434 573 608 642 654 736 753 756 846 859 892 933
12 90 207 211 253 338 420 443 478 481 496 538 959
20 58 68 99 130 261 279 561 563 591 630 675 682 735 790 813 815 850 874 964
40 44 71 136 147 319 331 362 397 492 562 659 674 842
338 414 435 443 480 481 656 897
1 148 227 247 258 273 429 475 581 747 771 773 779 841 886 895
75 165 198 281 338 413 414 415 440 481 606 618 667 733 868 891 959
16 51 105 170 183 187 220 297 316 321 378 418 485 500 575 700 748 796 826 829 916 932 937 969 991
69 79 208 214 271 296 298 344 422 434 442 469 573 596 608 642 646 679 711 736 756 762 776 801 859 880 892 958 982
75 113 138 140 226 323 525 554 606 618 667 672 733 745 793 865 955 977
192 266 412 480 534 614 650 662 897 905
13 35 172 190 473 526 731 797 948 972
4 83 98 263 264 396 423 436 504 559 585 631 784 785 833 839 849 900 906 971
44 71 136 319 331 362 397 562 649 674 842
44 136 147 274 330 331 397 492 560 737 824
6 82 107 181 357 453 454 487 498 508 529 610 616 689 722 782 884 984 994 996
192 236 266 303 412 480 534 614 656 732 897 905
102 107 145 166 181 243 357 417 493 541 593 664 668 722 763 924
102 145 166 215 243 354 417 525 541 593 663 672 761 763 819 878
29 123 157 184 239 329 386 400 411 532 550 553 566 571 597 623 692 791 917 918 926 930 949 967 999
70 122 154 155 201 255 364 477 479 560 572 625 634 643 677 737 754 764 783 852 902 914 983
42 75 138 198 209 281 413 414 415 481 594 606 618 652 655 733 891 977
82 102 107 145 181 357 541 593 663 722 763 822 869 924
74 113 114 226 318 459 558 712
15 25 49 87 89 104 125 283 293 335 354 358 410 456 486 490 513 574 609 626 678 713 744 761 763 786 912
66 93 115 143 217 218 265 278 394 433 461 464 509 535 633 640 644 681 694 941
138 166 215 243 417 525 606 655 664 678 744 761 793 819 865 878 977
5 6 112 248 268 377 453 454 487 498 610 719 757 782 825 864 898 951 984 996
40 71 319 331 362 491 649 659 842 883
68 99 130 304 355 528 561 563 583 630 648 690 790 830 874
33 77 153 179 188 280 313 380 448 521 548 602 604 645 788 804 915 990
70 122 154 186 232 255 288 351 572 634 643 666 754 843 852 871 888 935 954
87 104 166 202 215 283 293 354 358 410 417 486 490 574 609 626 670 672 713 744 761 763 819 878 912
3 69 79 142 171 174 214 221 271 296 298 345 346 347 356 369 401 434 469 476 557 567 573 608 635 642 654 711 762 801 920 965 982 988
20 200 212 219 246 261 272 279 631 735 803 850 964
66 82 93 143 197 206 217 233 278 328 352 385 394 488 509 517 535 633 671 822 875 908
41 45 58 59 279 441 495 561 582 591 648 790 805 813 956 997
7 101 139 240 241 270 292 311 450 470 605 629 632 638 728 802 833
80 92 109 126 129 131 178 191 205 216 282 306 317 419 427 482 580 702 717 821 836 894 928 938 945 957 995
10 60 72 84 141 210 224 332 333 383 399 439 505 570 628 714 718 810 840 857 858 885 933
9 11 48 61 231 349 461 466 644 759 768 816 881 960
91 167 175 329 388 506 522 550 566 641 692 778 838 926 949 967
29 46 101 123 184 196 240 276 287 337 532 553 555 571 623 632 710 728 767 806 808 817 901 907 962
6 33 179 188 453 454 487 498 508 529 544 548 610 616 661 698 782 884 984 987 994
68 99 130 262 348 524 563 583 630 675 794 815 830 874 963
65 73 100 106 151 195 229 290 307 336 370 376 432 458 527 592 699 730 749 879 921 948 979
91 175 329 386 388 400 506 522 550 566 597 641 665 687 778 838 918 926 949 967
19 120 128 175 201 308 386 400 425 472 506 519 552 571 641 764 811 902 914 926
115 143 218 223 238 246 278 433 438 461 484 489 633 644 671 812 941 944
78 148 222 242 249 258 309 387 507 512 542 590 721 752 860 927 978 981
5 16 51 193 218 265 268 294 325 377 402 404 460 464 579 640 719 757 855 898 923 951
157 239 416 497 613 791 798 917 930 949 986 999
2 179 291 390 421 453 454 493 529 544 551 616 689 729 740 851 884 925 987 994
65 73 106 151 229 290 336 370 432 458 527 691 730 749 921 948 979 1000
103 105 150 170 297 321 350 378 418 485 500 533 575 653 760 796 829 913 916 943 991
64 182 312 371 372 445 704 772 993
80 81 92 109 131 191 204 216 254 282 317 322 341 427 483 494 536 580 684 717 727 750 821 844 893 945 957
34 37 43 163 168 228 300 445 455 465 510 723 827 862 889 953 974
36 64 182 312 371 372 444 445 499 611 701 772 947 966 993
21 52 56 97 121 203 301 431 499 595 612 627 715 742 765 787 854 903
126 205 267 306 393 471 617 769 821 836 876 928 936 976 995
15 25 49 87 89 146 156 299 335 343 353 409 456 513 578 603 607 624 626 739 786 832 837 912 919 939 992 998
43 117 228 234 326 510 543 726 743 872 889 890 953
81 94 131 162 340 341 380 428 468 587 720 727 750 804 844 893 950 990
29 46 101 118 123 184 196 240 276 287 292 337 553 555 571 623 632 688 728 767 806 808 817 901 907 962
69 79 195 208 214 271 296 298 344 345 401 434 442 469 573 608 642 654 679 736 762 776 801 879 880 931 958 965 982 988
14 74 114 260 318 459 518 558 601 669 758 975
25 39 87 104 125 202 209 293 335 410 490 609 618 670 678 732 744 761
10 14 60 72 84 210 224 250 260 332 333 383 439 505 518 570 685 718 758 810 840 885
21 52 56 97 121 133 286 301 371 431 444 465 499 611 612 627 705 742 787 807 854 903 947 966
85 186 245 324 334 351 398 511 871 888 929 935 952
80 92 109 129 191 204 282 306 317 322 427 569 598 684 702 821 894 945 957 976
10 30 54 60 141 210 315 332 383 408 439 446 452 523 567 628 685 714 810 840 968
5 248 265 268 278 294 464 610 640 673 696 757 825 864 898 941 951 984 996
88 94 112 132 162 275 340 377 382 428 448 503 587 602 604 622 709 734 950 989
12 78 111 134 137 165 185 207 249 309 478 496 507 542 590 695 860 927 959 981
102 107 145 181 357 421 493 508 593 661 663 668 740 851
34 43 45 63 228 455 510 703 780 805 827 862 889 911 974 997
237 305 320 392 467 576 621 861 973
27 46 118 180 201 276 287 337 389 437 520 555 777 806 808 823 863 902 907 910 914 937
117 234 326 510 543 708 743 872 889 890 953
80 81 92 132 150 162 204 254 322 340 341 428 468 483 494 533 536 547 702 709 750 760 844 893 943 945
7 29 101 184 196 240 241 270 411 423 532 553 559 632 638 683 688 710 767 784 817 833 839 901 962 999
2 291 381 390 421 459 493 544 551 601 698 740 851 925 987
23 26 73 100 106 195 229 290 295 307 375 376 432 458 527 592 691 699 738 749 845 879 931 979 982
47 73 151 172 190 195 225 229 307 336 442 473 657 776 879 880 948 972
25 39 42 125 192 202 209 236 266 299 335 410 534 594 614 662 713
75 134 138 140 165 222 281 323 415 440 554 599 606 652 655 667 745 770 868 977
88 94 132 162 275 340 377 382 428 503 533 575 587 622 720 950 989
20 58 68 83 200 212 261 272 279 563 585 591 631 648 680 803 850 964
108 110 161 208 271 296 344 422 434 442 573 596 642 646 654 711 753 756 762 846 859 867 892 958
44 70 122 147 154 155 274 364 477 492 560 625 643 660 666 754 783 824 983
23 26 69 79 100 106 214 284 298 345 346 373 375 432 458 730 845 879 887 931 982
32 38 49 156 343 353 391 530 549 578 603 607 624 707 837 877 919 939 992 998
2 107 291 357 390 421 459 493 508 544 551 601 616 698 722 729 851 884 925 987 994
57 113 140 226 242 247 323 339 368 539 554 581 599 745 770 792 835 886 955
21 52 56 121 133 203 257 301 595 612 705 715 787 816 903
117 163 234 300 326 367 455 510 543 708 726 872 889 890 953 993
104 166 215 283 293 354 358 410 417 486 490 574 609 626 670 672 678 713 761 763 819 878 912
57 113 140 226 323 339 368 539 554 599 655 733 741 770 792 835 955
72 84 250 310 333 505 515 531 564 570 584 600 857 885 895 909
1 148 227 258 273 387 429 475 651 771 773 779 841
16 51 183 187 193 213 220 297 316 363 404 418 460 485 575 579 653 826 856 932 969 991
35 65 73 106 151 229 290 307 336 370 432 458 473 527 691 699 730 921 948 979 1000
81 92 131 132 162 254 340 341 428 468 494 536 547 702 709 727 844 893 950 990
8 55 65 342 393 426 617 766 781 882 936
78 134 148 222 242 249 258 309 387 507 512 542 590 695 770 779 860 927 978 981
108 110 141 161 224 399 422 434 573 596 642 646 736 756 814 831 846 858 859 867 892 933
70 122 154 274 288 364 560 643 666 677 737 783 824 888 983
22 124 127 267 365 424 471 598 870 876 894 936 970 976 980 985
3 10 141 161 221 224 315 422 434 439 573 608 642 646 654 736 753 846 858 859 933
5 112 248 268 294 377 402 464 487 579 673 696 719 825 898 923 951 984
2 14 60 260 291 332 381 459 518 570 601 712 714 810 840
48 133 219 231 257 384 441 466 686 768 803 881 960
103 132 150 254 322 378 406 483 494 533 536 547 700 727 796 913 943
102 104 166 215 243 283 293 354 410 417 486 525 609 664 670 672 678 713 744 763 793 819 865 878
69 79 142 208 214 271 296 298 344 345 346 401 434 442 469 573 608 642 654 679 711 736 776 801 880 931 958 965 982 988
102 166 181 215 243 283 354 358 417 486 541 574 593 609 663 664 668 670 678 744 761 822 869 924
19 120 201 308 425 472 477 519 552 572 634 666 693 783 852 902 910 914 983
21 24 36 52 67 97 199 203 256 360 431 444 499 537 611 612 627 637 705 903
8 55 65 158 230 289 342 426 751 781 882
29 46 101 118 123 196 240 241 270 276 287 292 337 553 555 571 605 629 632 688 710 728 806 808 817 901 907 962
11 48 219 231 349 433 461 466 489 633 644 686 759 881 960
23 26 126 178 205 267 295 306 376 393 471 592 617 706 836 845 876 928 936 995
57 75 113 134 140 165 222 242 323 339 368 440 539 554 599 733 741 745 752 792 835 868 955
1 227 273 429 475 651 747 773 779 841 895
37 64 163 168 182 300 312 371 372 445 455 701 704 966 993
1 148 227 247 258 273 387 429 475 651 747 771 779 841 886 895
17 119 144 152 176 277 285 359 407 501 540 577 795 861 946
34 43 63 228 304 355 374 405 780
69 190 195 208 214 225 229 271 296 307 344 442 654 711 731 762 879 880 904 931 948 958 972 982
27 118 180 201 232 255 389 437 500 520 572 634 725 823 843 848 863 902 910 914 937 954
19 86 91 120 128 167 175 308 388 425 491 506 519 522 641 687 692 811 834 838
1 148 227 258 273 387 429 475 512 651 747 752 771 773 841 978
34 43 63 99 228 304 355 374 405 528 723 775 827 830 862 911 974
8 55 65 158 342 393 426 751 766 882
6 82 107 357 453 454 487 498 508 610 616 661 673 689 825 864 984 994 996
19 154 155 201 308 364 425 477 479 519 560 572 625 634 643 666 737 754 764 834 852 902 914 983
4 83 235 263 264 396 403 423 436 504 546 559 585 658 728 785 833 839 849 900 906 971
4 83 98 200 263 264 272 327 396 430 436 504 585 589 631 658 784 802 833 866 900 906 934 971
15 25 49 87 89 104 125 156 283 299 335 343 358 409 456 490 513 574 609 626 670 707 832 837 912 939
41 56 59 97 121 133 257 286 301 441 465 495 582 705 715 742 807 854 956
33 77 153 173 177 188 251 313 380 408 446 448 452 521 548 602 645 676 942
24 149 164 199 256 259 514 516 537 636 637 873 877 940
41 45 58 68 99 279 495 528 561 582 591 630 648 675 682 805 813 827 874 911 956 974 997
157 239 329 411 416 497 532 550 597 613 665 697 798 917 930 949 986 999
57 74 113 140 226 323 339 368 539 554 581 599 741 745 770 835 886 955
138 140 525 606 618 655 672 761 819 865 878 977
262 348 524 583 690 963
135 144 169 176 189 252 277 285 359 501 540 565 577 774 896 946
103 105 170 297 321 378 418 485 500 533 575 653 700 760 829 913 916 943 991
13 31 35 151 190 336 370 473 526 657 948
239 416 497 613 697 791 930 986
50 111 137 185 207 253 478 496 620
135 252 269 314 334 350 359 398 406 501 502 565 847 896 952
3 69 79 142 171 174 214 221 271 296 298 344 345 346 347 356 401 434 469 476 557 573 608 635 642 654 679 711 762 920 931 958 965 982 988
4 7 98 200 238 263 327 430 450 470 556 589 638 683 785 833 866 906 934 944
20 212 219 246 272 279 384 441 591 680 735 759 850 964
77 81 131 280 380 395 448 468 521 602 676 709 893 915 942 990
41 45 58 59 279 286 465 495 561 582 591 682 723 790 813 827 911 956 974 997
29 46 118 123 180 240 276 287 337 555 571 623 688 710 725 767 808 817 901 907 962
37 56 97 121 168 286 371 372 431 444 445 465 499 611 627 715 787 854 947 966
27 46 118 139 180 240 276 287 292 337 555 605 629 632 688 710 725 767 806 817 901 907 937 962
38 95 96 149 164 236 259 303 447 530 549 603 607 624 636 877
2 10 14 60 210 291 332 381 383 518 570 601 628 685 714 718 758 840 968
19 86 120 128 175 308 386 400 425 472 506 519 552 641 693 778 834 838 926
115 218 223 238 265 311 325 438 451 484 556 586 615 640 694 941 944
41 45 58 59 68 99 279 495 528 561 582 591 648 682 790 805 911 956 974 997
53 161 224 399 505 753 846 857 858 885 899 933
68 83 130 261 262 264 504 524 563 630 648 690 849 874 963
9 11 32 48 61 146 231 391 568 595 612 686 742 818 881 919
29 46 101 123 184 196 240 276 287 337 532 553 555 571 623 632 688 710 728 767 806 808 901 907 962
9 11 32 61 146 231 391 568 595 816 919 992 998
102 166 215 243 354 417 525 664 672 678 744 761 793 865 878
85 105 170 186 232 321 389 418 437 485 500 520 823 829 843 848 863 916 929
109 126 129 178 191 205 267 282 306 317 427 471 580 598 684 702 706 717 836 894 928 938 945 957 976 995
181 206 233 283 328 352 385 488 517 541 574 668 681 763 869 875 908 924
27 105 180 186 232 255 389 437 500 520 572 634 725 777 820 829 843 848 863 902 910 914 937 954
44 70 122 136 147 274 288 492 560 576 643 660 737 754
6 82 197 248 268 294 464 487 498 610 673 719 757 782 864 898 951 984 996
16 51 139 183 187 193 213 220 297 302 316 363 404 451 460 605 639 653 748 856 932 937 969
34 43 45 63 228 355 528 561 703 723 780 790 805 862 911 956 974 997
62 77 116 142 171 173 174 177 251 280 346 347 356 369 379 401 449 482 557 635 915 920 942 965 988
105 170 183 321 378 389 418 437 485 500 520 653 700 796 820 823 843 848 863 916 991
99 130 304 348 355 405 528 583 630 675 690 780 874
108 110 596 753 846 867 892 904
9 11 15 18 49 61 146 156 160 206 409 456 513 707 786 837 919 992 998
4 7 101 196 241 263 270 423 436 559 632 638 658 683 728 784 785 802 839 900 906
19 86 120 128 155 175 308 364 425 457 477 479 491 519 560 625 778 783 811 883 983
57 74 113 140 226 323 339 368 539 554 581 599 741 745 770 792 955
23 26 126 178 205 267 295 306 373 376 393 471 617 684 706 769 821 845 928 936 938 995
15 25 49 87 89 146 156 299 335 343 353 358 409 456 513 578 603 624 626 707 739 786 832 912 919 939 992 998
86 91 167 175 388 522 566 641 687 692 778 811
101 196 235 396 403 411 416 423 463 497 532 546 559 658 728 784 833 853 900 917 999
10 14 54 60 210 332 381 383 439 518 570 628 685 714 718 758 810 968
1 148 227 247 258 273 387 429 475 581 651 747 771 773 779 886 895
40 71 319 362 649 659 674 883
85 186 232 255 321 389 437 500 520 677 777 820 823 829 848 863 871 888 929 954
80 81 92 131 162 216 254 340 341 395 468 494 536 580 702 709 727 750 893 945 990
23 26 100 106 205 284 290 295 373 375 376 432 458 592 730 738 769 836 887 995
108 110 161 399 422 434 596 642 646 736 753 756 814 831 858 859 867 892 933
135 144 176 252 314 334 359 398 501 502 540 565 800 896
85 186 232 255 321 389 437 500 520 777 820 823 829 843 863 871 888 929 954
83 262 263 264 396 403 436 463 474 504 524 559 585 658 784 815 853 900 963 971
20 58 68 200 212 261 272 279 563 585 591 631 648 680 735 803 964
2 107 114 145 291 390 421 459 493 551 558 601 698 722 729 740 925 987
154 155 201 255 364 477 519 572 634 643 666 677 764 783 902 910 914 954 983
235 244 396 403 416 463 474 497 524 546 559 613 839 849 986
56 59 97 121 133 286 301 431 465 499 582 627 705 715 787 807 903 947 956 966
5 16 51 193 218 265 294 302 325 402 404 451 460 464 484 579 586 615 639 640 696 856 923
16 51 139 187 193 213 220 302 311 316 325 363 404 450 451 460 556 586 615 639 748 826 855 923 969
10 53 60 72 141 224 310 332 333 399 439 505 515 570 584 685 746 814 858 885 899 933
10 53 110 141 161 224 333 399 439 505 685 753 756 814 846 857 885 899 933
108 110 141 161 271 315 344 422 434 573 596 608 642 646 654 736 753 756 846 892 933
78 111 134 137 165 185 207 222 249 309 478 507 542 590 695 721 752 868 927 981
17 119 152 245 277 320 324 351 392 407 467 511 577 621 724 774 973
34 43 45 63 228 300 455 510 703 723 780 827 889 911 974 997
27 105 180 183 186 232 255 321 389 418 437 500 520 725 777 820 823 829 843 848 902 910 937 954
82 93 197 248 265 268 278 294 394 464 517 610 640 673 719 782 825 875 941 951 984 996
138 525 606 618 655 672 761 793 819 878 977
4 98 200 212 238 263 272 327 430 436 585 589 631 785 802 906 934 944
108 110 161 596 736 753 831 846 892
75 78 134 165 222 242 281 323 415 440 507 554 590 652 733 770 860 891 959
82 181 206 233 283 385 486 488 541 593 668 763 822 875 908 924
22 124 127 169 361 365 424 569 598 755 894 961 970 976 980 985
70 85 186 232 245 255 324 351 511 677 716 843 848 888 929 935 952
43 117 163 228 234 300 326 455 510 543 708 726 743 889 890 953
24 149 164 199 203 256 259 514 516 537 636 637 789 877 940
68 99 130 348 355 528 561 563 583 630 648 675 690 790 815 830 963
66 82 93 197 217 233 328 352 385 394 488 509 517 535 681 822 864 869 908 996
22 127 267 306 393 471 617 706 755 769 928 936 976 980 985
38 149 164 259 353 447 514 530 549 603 607 624 636 739 789 809 873 940
102 138 166 215 243 354 417 525 664 672 678 744 761 793 819 865 977
69 73 100 106 195 208 214 229 296 307 345 375 432 442 458 527 691 711 730 731 738 776 880 931 958 982
69 190 195 208 214 225 229 271 296 307 344 442 654 711 731 762 776 879 904 931 958 972 982
11 48 219 231 257 349 384 466 686 759 768 816 960
8 55 65 76 158 230 289 342 426 751 766 781
40 71 86 167 362 457 491 674 834 842
6 33 179 188 390 453 454 487 498 508 529 544 548 551 616 661 689 698 740 987 994
10 60 72 84 141 224 332 333 399 439 505 515 570 584 685 714 746 814 857 858 933
57 247 273 339 368 429 539 545 564 581 600 651 741 773 792 841 895
23 26 100 116 178 205 284 295 345 346 373 375 376 419 449 458 738 845
70 85 122 154 186 232 255 572 634 643 677 716 754 843 848 871 929 935 954
34 43 63 163 228 234 300 326 455 510 703 708 723 726 743 862 872 890 953
43 117 163 228 234 300 326 510 543 708 726 743 872 889 953
12 75 165 198 281 338 413 414 415 440 481 652 667 868 959
108 110 161 344 366 434 596 642 646 654 736 753 831 846 859 867 904
80 81 92 131 162 216 280 340 341 395 468 494 580 702 709 727 750 804 844 915 945 990
109 124 127 129 191 267 282 306 361 365 424 427 471 569 598 684 717 755 821 870 928 957 961 976 985
1 247 273 429 531 564 584 600 651 746 771 773 841 886
135 144 169 189 252 269 314 359 361 501 502 540 565 569 795 800 847 961
42 192 266 412 480 534 594 614 650 656 662 905
5 112 248 265 268 294 377 402 464 487 579 673 696 719 757 825 923 951 984
53 310 399 584 814 857 858
4 83 263 264 396 423 436 504 524 546 559 585 658 784 785 833 839 849 906 971
29 46 101 123 184 196 240 276 287 337 532 553 555 571 623 632 688 710 728 767 806 808 817 907 962
154 180 201 232 255 437 477 520 572 634 666 693 725 764 777 783 823 852 863 910 914 954 983
21 52 56 97 121 133 199 203 257 301 431 595 612 627 705 715 742 765 854
47 208 225 344 366 442 596 776 831 880 892 958 972
192 303 412 480 534 614 656 662 897
4 83 98 200 263 264 396 423 430 436 504 559 585 589 631 638 658 784 785 802 833 866 900 934 971
27 46 118 180 240 276 287 292 337 555 605 629 688 710 725 767 806 808 817 901 937 962
66 82 93 197 206 217 233 328 352 385 488 509 517 535 541 681 822 869 875 924
72 84 250 260 332 333 515 531 545 564 570 584 600 746 975
27 118 180 201 232 255 389 437 520 572 634 725 764 777 823 852 863 902 914 954
34 43 45 63 99 228 304 355 528 561 723 780 790 805 813 827 862 974 997
15 25 49 87 89 104 283 293 335 343 354 358 409 410 456 486 490 513 574 609 626 670 678 707 744 786 837
103 150 321 350 378 406 533 547 700 760 796 916 943 991
118 180 201 232 255 437 472 520 572 634 666 693 725 764 777 783 823 852 902 910 954 983
62 77 81 116 131 173 216 280 379 380 395 449 482 521 676 804 828 893 942 990
103 105 170 183 321 350 378 389 418 485 500 653 700 796 820 829 913 991
29 157 184 196 235 239 329 411 416 423 497 532 546 550 553 597 613 665 697 791 839 918 930 986 999
29 123 157 184 239 329 386 400 506 532 550 553 571 597 623 665 692 917 926 930 967
9 15 18 32 49 61 146 156 160 353 391 409 568 603 607 707 739 816 818 832 837 939 992 998
3 30 62 79 142 171 173 174 177 221 251 298 346 347 356 369 379 401 449 469 476 523 557 567 608 635 679 801 828 942 965 988
8 65 73 76 106 151 158 194 230 290 336 370 426 432 458 527 691 699 749 979 1000
28 76 158 159 194 230 289 462 588 619 1000
5 16 51 187 193 218 265 294 302 316 325 402 404 460 464 579 615 639 640 696 757 855 856 898
102 145 166 181 283 354 417 486 488 541 574 593 663 668 763 822 869 908
2 153 291 313 381 390 408 421 452 544 551 601 698 729 740 851 987
91 123 175 329 386 400 472 506 550 552 571 597 623 641 665 687 692 693 811 918 967
78 148 185 222 242 249 258 309 387 507 512 542 590 695 721 752 860 978 981
109 126 178 205 267 306 317 393 427 471 598 617 684 706 769 821 836 876 894 936 957 976 985 995
85 186 232 255 398 716 820 843 848 871 888 935 952 954
157 184 239 329 411 532 550 553 566 597 623 665 697 791 798 917 918 949 967 986 999
69 79 100 195 208 214 271 296 298 345 346 375 442 711 730 738 762 776 801 879 880 958 982
16 51 105 170 183 187 213 220 297 316 363 418 485 500 653 748 826 937 969 991
10 60 141 161 224 315 333 399 422 439 505 646 685 753 756 814 846 857 858 859 885
4 98 200 238 263 272 327 430 436 470 585 589 631 638 785 802 866 906 944
70 85 186 245 288 324 351 467 511 677 716 871 888 929 952
55 267 342 393 471 617 706 751 755 769 836 876 928
27 46 105 118 170 180 183 220 363 389 418 485 500 520 653 725 777 808 823 826 863 907 932 969
109 116 126 131 178 205 216 284 306 317 373 419 427 449 482 580 684 821 836 995
25 49 87 89 125 156 299 335 343 353 409 456 490 513 530 578 603 607 624 626 707 739 786 837 919 992 998
24 38 149 164 199 256 259 447 514 516 549 636 637 789 873 877
93 115 143 197 218 265 278 294 325 394 464 640 671 694 719 812 864
62 77 116 173 174 177 251 280 347 369 379 380 395 449 521 635 788 804 828 915 920 990
103 150 254 269 322 350 378 406 483 494 533 536 547 700 727 760 796 913
98 200 223 238 246 272 327 430 438 470 484 489 556 586 589 694 802 812 866 934
80 81 92 109 129 131 191 204 216 254 282 317 322 341 427 483 494 536 580 684 702 717 727 821 844 893 957
17 119 144 152 176 277 285 359 407 501 540 577 774 795
37 97 121 168 182 371 372 431 444 445 465 499 611 627 704 715 807 854 966
13 35 73 151 172 190 195 225 229 307 336 370 473 526 657 691 699 731 749 776 797
91 157 239 329 522 550 566 597 665 687 692 697 791 930 967
88 94 112 132 162 275 340 382 428 468 503 533 587 622 709 720 734 750 989
5 248 265 268 294 377 464 487 610 640 673 696 719 757 825 864 898 984 996
85 334 350 398 406 716 800 871 929 935
43 117 163 234 300 326 367 455 510 543 703 708 726 743 872 889 890
122 154 186 201 232 255 437 520 572 634 643 677 777 823 843 848 852 863 888 902 910 914 929
57 113 140 226 323 339 368 539 554 599 655 741 745 770 792 835
41 45 58 59 279 286 441 465 495 582 591 682 787 790 805 813 827 854 974 997
80 109 126 129 191 267 282 306 317 427 471 580 598 684 702 717 821 894 928 945 976
69 195 208 214 225 271 296 298 344 434 442 596 642 654 711 736 762 776 801 879 880 904 931 982
12 78 90 134 165 281 338 415 440 478 481 647 652 721 868 891
11 48 219 231 257 349 384 466 686 759 768 881
124 127 129 135 169 189 314 361 365 424 502 565 569 598 870 894 896 970 976
29 46 101 123 184 196 240 276 287 337 532 553 555 571 623 632 688 710 728 767 806 808 817 901 907
68 83 130 262 348 524 563 583 630 690 794 815 849 874
20 58 68 83 200 212 261 263 264 272 279 563 585 591 631 648 680 735 803 850
3 62 69 79 142 171 174 214 221 271 296 298 345 346 347 356 369 379 401 469 476 557 567 573 608 635 679 711 762 801 828 920 982 988
36 37 64 97 121 168 182 312 371 372 431 444 445 465 499 611 627 704 715 772 807 854 947
91 123 157 239 329 386 400 506 522 550 566 597 623 641 665 687 692 918 926 930 949
30 54 210 369 381 383 408 446 452 523 567 628 718 810 840
16 51 105 183 187 193 213 220 297 302 316 363 404 418 460 485 639 653 748 826 856 932 937
22 124 127 169 189 361 365 424 569 755 870 961 980 985
4 83 263 264 396 436 504 524 559 585 631 658 784 785 849 900 906
47 172 190 225 366 657 731 776 880 904
17 119 237 245 288 305 320 324 351 392 467 511 576 621 724 861
34 43 45 63 228 528 561 703 723 780 790 805 813 827 862 911 956 997
72 74 84 247 250 260 545 564 600 712 909
124 127 129 191 267 282 306 361 365 424 471 598 706 717 755 821 870 876 894 928 957 961 985
75 138 140 525 606 618 655 667 672 733 793 865 878
148 227 249 258 309 387 475 512 542 695 752 779 927 981
8 65 73 76 106 151 290 336 370 376 426 432 458 527 592 691 699 730 749 921 1000
22 124 127 424 755 870 876 970 985
78 185 249 309 387 507 512 542 590 695 721 752 860 927 978
69 79 195 208 214 271 296 298 344 345 346 401 442 654 679 711 730 738 762 776 801 879 880 931 958 965
19 122 154 155 201 364 425 477 479 519 560 572 625 634 643 666 737 754 764 783 834 852 902 914
6 248 268 453 454 487 498 508 610 661 673 689 719 757 782 825 864 898 951 994 996
22 124 127 129 267 361 365 424 471 598 755 870 876 894 928 970 976 980
157 235 239 244 403 416 463 474 497 546 613 697 791 798 853 917 930 999
2 179 291 390 421 453 454 493 529 544 551 601 616 689 698 729 740 851 884 925 994
3 30 62 69 79 142 171 174 177 214 221 271 296 298 345 346 347 356 369 401 469 476 523 557 567 573 608 635 679 711 762 801 828 920 965
88 94 112 132 162 275 340 382 428 503 533 575 587 622 720 734 950
77 81 131 280 340 380 395 448 468 521 602 676 709 750 804 844 893 915 942
103 105 170 183 297 321 378 418 485 500 533 575 653 700 748 796 829 913 916 932
9 18 32 49 61 146 156 353 391 409 549 568 603 607 624 707 739 818 832 837 919 939 998
37 64 163 168 182 300 312 371 372 445 455 701 704 743 772
6 33 107 179 188 453 454 487 498 508 529 544 610 616 661 689 698 740 782 884 984 987
23 26 109 126 178 205 267 284 295 306 317 373 419 427 471 580 684 706 769 821 836 845 928 938
6 82 93 197 268 517 610 661 673 719 782 825 864 875 951 984
34 41 45 58 59 465 495 561 582 591 682 723 790 805 813 827 862 911 956 974
32 49 61 146 156 343 353 391 409 530 549 568 603 607 624 707 739 818 832 837 919 939 992
29 157 184 196 235 239 411 416 423 497 532 546 553 559 597 613 665 697 728 791 839 917 930 986
28 35 65 76 151 158 159 194 230 289 336 370 462 619 699 749 921 922 979
