500 2355
69 141 156 160 207 226 358 452 474 495
63 119 147 219 248 306 335 371 412 423 433 445 465
51 218 235 283 391 432 462
14 17 142 231 236 270 365 368 370 418 425 443
20 67 116 212 263 374 392 437 485
36 136 155 201 242 257 269 386 403 417 422 460 464 497
68 115 174 250 258 311 329 347 351
52 87 124 285 366 478 490
62 116 137 212 225 372 374 380 383 488
283 458 471 496
220 293 457
77 107 138 284 336 415 458
22 25 48 63 96 169 348 371 397 398 423 465
4 17 76 135 142 236 270 365 370 378 393 414 418 425 443
75 133 135 193 236 318 327 339 370 378 393 404 414 443 472 476
35 124 189 209 280 282 291 296 324 332 478
4 14 60 75 76 85 135 142 236 305 339 378 414 418 481
40 92 110 210 247 298 362 440 475
58 205 259 395 406 492
5 263 287 485
33 43 197 268 357 431 461 493
13 48 79 81 169 238 295 323 397 411
41 59 88 98 127 130 239 313 314 331 410
117 205 298 344 407
13 63 96 169 219 348 371 397 398 412 419 423 465
143 165 211 266 278 309 353 441 449
57 106 132 267 319 343 356 479 483
138 158 262 265 375 387
109 145 148 186 252 312 349 406 426 454
113 183 214 369 399
70 89 420 487
37 54 104 129 195 202 228 292 338 416
21 112 157 341 357 385 461 493 494
38 95 122 402 474
16 73 171 189 194 209 234 280 282 324 379
6 155 201 242 257 269 320 369 386 403 417 460 464 497
32 54 80 101 104 195 202 224 228 277 292 416 498
34 69 122 156 402 474
71 80 151 224 243 264 292 310 315 342 388 430 447 498
18 110 161 210 247 298 333 440 463 475
23 88 98 130 239 313 314 331
105 139 196 297 312
21 120 157 197 268 286 357 421 431 434 453 461
56 117 123 227 364 428
120 239 286 288 331 421 434 453
51 74 81 126 260 274 355 432 462
223 237 244 251 267 319 354 413 448 455 469 479
13 22 81 169 238 260 295 355 400 411
146 156 185 200 358 367 384 427 477
217 271 273 442 451
3 46 74 126 235 260 355 432 462
8 82 87 162 241 285 359 363 366 490
62 114 137 175 177 181 225 227 232 253 301 316 376 480
32 37 104 129 195 202 228 279 338 350 416
141 145 160 200 207 349 358 367 426 427 452 454 477 495
44 117 123 344 364 407
27 68 132 329 343 405 479 483
19 205 281 429 492
23 127 130 239 421 434 453
17 75 76 85 135 142 222 236 305 318 339 378 414 418 481
187 217 245 266 273 278 390 442 451
9 53 67 114 116 137 225 253 301 374 376 392 437
2 13 25 221 231 368 371 397 398 412 419 423 433 465
71 154 164 173 255 289
78 108 118 134 144 168 176 179 180 246 436 444 489
154 163 164 255 345 360
5 62 116 263 374 392 437 485
7 57 132 233 311 329 351 405
1 38 156 358 402 474
31 83 89 281 420 429 487 492
39 64 80 151 173 255 264 345 388 447
153
35 171 234 280 324 428
46 51 81 126 235 260 355 400 432
15 17 60 85 135 222 236 318 339 378 404 414 443 476 481
14 17 60 78 85 135 142 305 306 335 365 418 481
12 94 102 103 107 152 261 304 336 415 484
65 76 85 108 134 144 168 176 180 246 305 444 489
22 238 293 323 486
37 39 71 104 195 202 224 264 292 345 416 498
22 46 48 74 126 260 295 355 400 411
52 162 218 241 285 328 359 363 366 391 415 462 490
70 92 281 298 362 429
91 129 161 170 210 247 277 299 321 350 440 446 463
17 60 75 76 78 135 142 144 168 176 222 236 305 318 339 378 414 418 481
114 117 123 175 177 181 198 199 213 227 232 249 307 480
8 52 152 241 261 285 359 366 438 490
23 41 98 130 239 313 314 331
31 70 190 309 420 487
93 128 166 216 303 396 456 468 482
84 161 210 291 299 440 446 463
18 83 281 298 362 475
90 128 166 216 303 396 456 468 482
77 101 102 103 107 184 243 304 310 373 459 484
34 125 322
13 25 169 219 248 348 371 412 445 465
178 230 293 323 425 450
23 41 88 127 130 159 239 313 401 410
171 178 293 450 457
317 439 473 500
37 94 103 104 204 224 243 277 292 373 467 484 498
77 94 103 107 152 261 304 336 373 415 484
77 94 101 102 184 204 224 304 373 459 467 484
32 37 54 80 101 129 195 202 224 228 277 292 416 498
42 139 196 297
27 276 340 356 408 466 479 483
12 77 94 102 261 284 304 336 363 415 484
65 78 134 168 176 246 290 330 436 444 470 489
29 148 186 196 252 312 349 406 426
18 40 161 170 210 247 279 299 350 440 475
149 150 158 167 188 262 308 310 315 342 375 394 424 430
33 157 223 385 413 448 455 494
30 338 360 369
53 62 86 137 175 177 181 225 227 232 249 253 301 307 316 376 480
7 174 240 250 258 275 326 341 347 493
5 9 62 67 263 372 374 392 437 485
24 44 56 86 123 227 344 407
65 144 168 176 179 180 334 352 436 489
2 219 248 371 412 445
43 45 140 157 192 286 288 357 385 434 453 499
148 252 396 468 482
34 38 402 474
44 56 86 117 175 227 232 344 407
8 16 194 209 220 280 282 296 332 478
95 211 217 245 273 322 441 451
46 51 74 81 235 260 355 400 432 462
23 59 98 130 239 313 410
90 93 166 208 216 229 233 276 302 303 389 456
32 54 84 104 170 195 228 247 277 279 299 321 350 416
23 41 59 88 98 127 239 331 410 421 434
203 300 354 435
27 57 68 329 343 405 479 483
15 193 212 327 377 383 472
65 78 108 144 168 176 246 305 444 489
14 15 17 60 75 76 85 142 236 305 318 339 370 378 393 414 418 443 472 481
6 242 257 346 382 422 464 497
9 53 62 114 177 181 225 253 301 316 374 376 381 488
12 28 158 265 284 387 458
42 105 160 196 226 297 452 495
120 157 172 192 286 288 385 499
1 55 156 160 200 207 226 358 452 495
4 14 17 60 76 85 135 236 270 365 370 378 393 414 418 425 443
26 185 211 322 325 353 384 441 449
65 78 85 118 134 168 176 179 180 246 305 334 352 444 481 489
29 55 186 200 349 367 395 406 426 427 454 477
49 156 185 200 325 358 367 384 427 477
2 306 335 365 433
29 109 121 252 312 396 468 482
111 167 188 308 315 394 424 430
111 158 167 188 262 265 308 375 387 500
39 71 173 315 342 388 430 447 491
77 87 102 204 261 285 304 336 438 467
72
64 66 163 164 255 264 345 360
6 36 201 242 257 269 320 369 386 403 417 460 464 497
1 38 49 69 141 146 207 358 402 452 474
33 43 112 120 140 192 268 286 288 357 385 494 499
28 111 138 150 167 188 262 265 308 375 387 500
98 313 337 361 401
1 55 139 141 207 226 358 452 495
40 84 91 110 170 189 210 247 291 299 333 350 440 446 463
52 82 218 241 359 366 391 462 490
66 154 164 201 255 386
64 66 154 163 201 255
26 190 309 320 353 449
90 93 128 208 216 229 303 456
111 149 150 158 188 262 265 308 375 394 430
65 78 85 108 118 134 144 176 179 180 246 305 334 352 444 481 489
13 22 25 48 96 348 411
84 110 129 161 210 247 279 299 338 350 440
35 73 99 194 209 220 234 280 457
140 192 206 237 288 413 499
64 71 151 255 264 289 388 447
7 115 250 258 311 326 341 347 351
53 86 114 123 177 181 198 227 232 249 253 301 307 480
65 78 85 108 118 134 144 168 179 180 246 305 444 481 489
53 86 114 137 175 181 198 225 227 232 249 253 301 307 316 326 376 381 480
97 99 230 293 450
65 118 144 168 176 180 222 334 352 481
65 78 118 144 168 176 179 334 352 436 489
53 86 114 137 175 177 198 225 232 249 253 301 307 316 326 376 480
254 290 330
30 190 214 369 399 417
94 103 243 310 373 375 459 484
49 143 146 211 322 325 353 367 384 441
29 109 145 196 252 312 349 406 426 454
61 217 245 266 273 278 390 442 451
111 149 150 158 167 262 308 375 394 424 430
16 35 161 291 324 333 379 446 463
89 165 183 214 309 320 420 449 487
256 271
120 140 157 172 286 288 385 494 499
15 133 377 404 476
35 124 171 209 220 280 282 296 457 478
32 37 54 80 104 129 202 228 292 345 416 498
42 105 109 139 186 297 312 426 468 482
21 43 268 357 380 431 461
86 175 177 181 199 215 249 250 272 307 326 480
86 198 213 215 259 272 307
49 55 141 145 146 207 349 358 367 427 454 477 495
6 36 155 163 164 269 386 403 460 497
32 37 54 80 104 195 224 228 264 292 345 416 498
131 237 244 251 294 300 354 435 469
101 103 152 277 321 373 467 484
19 24 58 259 281 492
172 237 244 251 294 354 413 469
1 55 141 156 160 200 226 358 452 495
128 166 229 302 456
16 35 124 171 194 220 280 282 296 324 332 478
18 40 84 91 110 161 170 247 291 299 333 350 440 446 463
26 125 143 185 322 325 353 384 441 449
5 9 133 372 377 380 383 485
86 199 259 272
30 183 190 399
198 199 272 311 351
90 93 128 166 229 233 303 389 396 456 482
50 61 125 187 245 271 273 451
3 82 162 241 283 328 359 363 391 462
2 25 96 119 248 371 398 412 445 465
11 124 171 194 209 280 450 457
63 231 270 323 365 368 397 398 419 423 465
60 75 85 179 318 337 339 361 378 404 481
47 112 237 244 251 267 413 448 455 469 494
37 39 80 101 103 104 202 243 292 310 342 373 498
9 53 62 114 137 177 181 253 301 316 374 376 381 437
1 139 141 160 207 358 452 495
44 53 86 114 117 123 175 177 232 301 480
32 37 54 104 129 195 202 338 416
128 166 208 216 233 276 302 303 389 466
97 178 287 393 425
4 63 221 270 323 365 368 397 398 419 423 425
53 86 114 123 175 177 181 227 249 253 301 307 376 480
68 128 216 229 276 303 329 389 405
35 73 171 280 428
3 51 74 126 432 462
4 14 15 17 60 75 85 135 142 318 327 339 370 378 393 414 418 443 472
47 172 203 206 223 244 251 294 354 413 448 455 469
22 48 79 274 295 411 486
23 41 45 59 88 98 127 130 313 314 331 421 434 453
115 250 258 275 316 326 341 347 381 493
52 82 87 162 218 261 285 328 336 359 363 366 391 415 490
6 36 136 155 269 382 422 460 464 497
39 94 101 184 224 292 310 342 373 459 498
47 203 206 223 237 251 267 294 319 354 413 448 455 469
61 125 187 217 266 273 278 390 442 451
65 78 108 134 144 168 176 290 330 436 444 470 489
18 40 84 110 129 161 170 210 279 299 350 440 463 475
2 96 119 219 371 412 433 445 465
86 114 175 177 181 198 232 250 253 258 307 326 480
7 115 174 198 240 249 258 275 326 341 347 351
47 203 206 223 237 244 294 354 413 448 455 469
29 109 121 148 186 259 312 426
53 62 114 137 175 177 181 225 232 249 301 307 316 326 376 381 480
182 330
64 66 71 154 163 164 173 289
191 271
6 36 136 155 320 417 464 497
7 115 174 240 249 250 275 326 341 347 351 493
19 199 205 213 252 272
46 48 51 74 81 126 295 355 400 411 432 462
77 87 102 107 152 241 285 304 336 415 484
28 111 150 158 167 188 265 308 375 387 500
5 20 67 116 374 392 437 485
39 71 80 154 173 202 292 345 388 416 498
28 138 150 158 167 262 308 375 387 500
26 61 187 245 278 390
27 47 223 244 319 343 356 448 455 469 479
21 43 157 197 286 357 431 453 461
6 36 155 201 242 386 403 422 460 464 497
4 14 142 221 231 306 365 368 418 419 425
50 191 217 256 273 451
198 199 213 215 259
50 61 125 187 217 245 271 390 451
46 238 432 486
115 240 250 258 316 326 341 347 493
106 128 229 233 302 389 405 408 466 483
37 84 101 104 129 204 321 416 467
26 61 187 245 266 346 390
54 110 129 170 247 338 350
16 35 73 124 171 194 209 220 234 282 296 324 332 457 478
58 70 83 92 205 362 429 492
16 35 124 194 209 280 296 324 332 478
3 10 218 391
12 107 138 458
8 52 82 87 152 241 261 336 359 363 366 415 490
43 45 120 140 157 192 268 288 357 385 453 499
20 230 327
45 120 140 157 172 192 286 385 499
64 173 255
108 182 246 330 436 444 470 489
16 91 161 189 210 324 333 379 446 463
32 37 39 80 101 104 195 202 224 243 264 345 416 498
11 79 97 99 178 323 450
203 206 237 244 251 354 413 469
22 48 81 238 260 400 411 486
16 124 194 209 280 282 332 438 478
42 105 139 196 312 468
18 24 40 83 92 362 475
84 91 110 129 161 170 210 247 350 440 446 463
131 203 409 435
53 62 114 137 175 177 181 225 227 232 253 316 374 376 381 480
128 208 229 276 466
90 93 128 166 216 229 233 389 396 456 482
77 94 102 103 107 152 261 336 373 415 484
17 60 76 78 85 134 135 144 168 176 306 418 481
2 76 147 270 305 335 365 433
86 114 175 177 181 198 199 232 249 253 326 480
111 149 150 158 167 188 262 265 375 394 424 430
26 89 165 190 353 420 449 487
39 94 111 184 224 243 342 373 459
7 68 174 215 329 351 405
29 42 109 148 186 196 252 297 349 426
23 41 88 98 127 159 239 314
23 41 88 239 313 331
39 111 149 151 342 388 394 430 447 491
53 114 137 177 181 225 240 253 275 301 326 376 381
100 439 473 500
15 60 75 85 135 222 236 339 378 404 414 476 481
27 47 244 267 340 356 435 448 469 479
36 155 165 190 257 417
84 129 204 277 467
95 125 143 185 211 325 353 441
22 79 97 221 231 293 397 419
16 35 73 189 209 280 282 291 332 379
143 146 185 211 322 384 441
115 174 177 181 198 240 249 250 253 258 275 307 316 341 347 381
15 133 236 287 370 377 393 443 472
82 218 241 359 363 391 415
7 57 68 132 233 311 351 389 405
108 182 246 254 290 436 444 470
23 41 45 88 130 239 314 421 434 453
16 124 209 280 282 296 324 438 478
40 161 189 210 291 379 440 446 463
118 144 168 179 180 352 436 489
2 76 147 306 365 433
12 77 102 107 152 241 261 285 304 363 415 484
159 222 361 401 410
32 54 113 170 228 279
15 17 60 75 85 135 222 236 318 378 404 414 481
106 319 356 408 466 479 483
33 115 174 240 250 258 275 326 347 493
39 111 151 224 243 310 315 388 430 447
27 57 132 267 479 483
24 56 117 123 364 407
66 71 80 154 195 202 264 292 416
136 278 382 390 442 464
7 115 174 240 250 258 275 326 341 351 493
13 25 96 169 371 398 465
29 55 109 145 186 200 312 406 426 427 454 477
54 84 110 129 161 170 210 247 279 299 440 463
7 68 174 215 250 258 311 329 347
118 144 168 179 180 334
26 143 165 185 211 309 322 384 441 449
47 131 203 206 237 244 251 294 413 469
46 48 51 74 81 126 260 400 411
27 106 267 319 340 408 479 483
21 33 43 120 157 197 268 286 385 461
1 49 55 69 141 146 156 160 200 207 226 452 474 495
52 82 87 162 218 241 285 328 363 366 391 462 490
66 113 154 369 386
159 222 337 401
18 83 92 281 298 475
52 82 107 218 241 285 328 336 359 391 415
44 56 344 379 407 428
4 14 76 142 147 221 231 270 306 335 368 418 419 425 433
8 52 82 87 162 241 285 359 490
49 55 145 146 185 200 384 427 454 477
4 63 221 231 270 365 397 419 423 425
30 36 113 155 183 360 386 399 403 417
4 14 15 135 142 236 327 378 393 414 418 425 443 472
2 13 25 63 96 119 219 248 348 398 412 419 423 433 445 465
9 116 212 374 380 383 488
94 101 102 103 184 204 224 243 304 310 459 467 484 498
5 9 62 67 116 137 225 263 301 372 376 392 437 485 488
28 111 150 158 167 184 188 262 265 308 430 459
53 62 114 137 177 181 225 232 253 301 316 374 381 480
133 193 212 327 383
14 15 17 60 75 85 135 142 222 236 318 339 370 393 404 414 418 443 472 481
35 189 291 324 333 364 446 463
9 197 212 372 383 431 488
137 177 225 240 253 301 316 326 376 488
136 242 346 422 464
9 133 212 372 377 380 488
49 143 146 185 211 325 353 367
33 112 120 140 157 192 286 288 357 494 499
6 36 155 163 201 269 360 369 403 417 497
28 138 150 158 262 265 439 473 500
39 71 151 173 264 315 342 447 491
128 216 229 233 276 303 329 405
61 187 245 266 273 278 346 442 451
3 82 162 218 241 283 328 359 363 415
5 62 67 116 263 374 437 485
14 15 135 142 230 236 327 370 378 414 443 472
111 149 167 188 308 315 424 430
19 145 406 427 429 454 477 492
90 93 121 148 216 303 468 482
13 22 25 63 221 231 323 368 398 419 423 465
13 25 63 219 221 231 348 371 397 412 419 423 465
30 183 214 369 417
48 74 81 126 260 295 355 411
98 159 337 361 410 476
34 38 69 122 156 474
6 36 155 201 269 369 386 417 497
15 75 193 222 318 339 378 414 472 476
57 68 132 233 276 311 329 389 483
19 29 109 145 186 349 395 426 427 454 477 492
24 56 117 123 344 364
106 276 340 356 466 483
300 435
23 98 127 130 337 401 476
22 48 81 169 238 260 295 355 400 486
2 25 63 96 119 219 248 371 398 423 433 445 465
47 112 172 206 223 237 244 251 294 354 448 455 469 494
14 15 17 60 75 85 135 142 236 318 339 370 378 393 404 418 443 472 481
12 77 82 102 107 241 261 285 304 328 336 363 391
32 37 54 80 104 129 195 202 228 264 277 292 345 498
6 36 155 183 257 320 369 386 399 403 497
4 14 17 60 76 85 135 142 236 270 305 365 370 378 414 425 443
25 63 221 231 270 323 365 368 371 397 398 423 433 465
31 70 89 190 309 487
43 45 59 130 239 331 434 453
6 136 242 269 382 460 497
2 13 25 63 221 231 368 371 397 398 412 419 433 465
111 149 188 308 394 430
4 14 97 142 230 231 270 365 368 370 418
29 55 109 145 186 196 252 312 349 406 454
49 55 145 146 200 349 367 395 406 454 477
44 73 234 364
58 70 83 281 395 492
39 111 149 151 167 188 308 315 342 375 394 424
21 43 197 268 380 461 488
3 46 51 74 126 235 260 274 462
2 63 147 248 306 335 365 371 412 419 423 465
43 45 59 120 130 239 331 421 453
131 203 300 319 409
65 108 118 180 246 290 330 334 444 470 489
5 62 67 116 225 263 374 392 485
87 152 296 332 478
100 317 387 473 500
18 40 84 91 110 161 170 210 247 299 333 350 446 463
26 125 143 185 211 322 325 353 449
50 61 187 245 346 390
4 14 15 75 135 142 236 327 370 378 393 414 418 472
65 78 108 134 144 168 176 246 290 330 436 470 489
2 96 119 219 248 371 412 465
84 91 161 189 210 291 299 333 379 440 463
39 71 151 173 315 342 388 491
47 112 223 237 244 251 267 319 413 455 469 479 494
26 143 165 190 211 309 353 441
97 99 178 220 293 457
50 61 125 187 217 245 271 273 390
1 55 139 141 156 160 207 226 358 495
43 45 59 120 239 268 286 331 421 434
29 55 145 186 200 349 367 395 406 426 427 477
47 112 223 237 244 251 267 413 448 469 494
90 93 128 166 208 216 303
11 99 171 194 220 280 450
10 12 138 284 471 496
94 103 184 243 310 373 375 484
6 36 155 201 242 269 422 464 497
21 33 43 197 268 357 431 493
3 46 51 82 126 162 218 235 260 359 432
40 84 91 161 189 210 247 291 299 333 350 379 440 446
6 36 136 155 242 257 269 346 382 460 497
2 13 25 63 96 219 221 248 348 371 397 398 412 419 423 433 445
106 229 276 302 340 408 483
101 103 152 204 277 321 373
90 93 121 148 196 297 396 482
47 203 206 223 237 244 251 267 294 319 354 413 448 455
108 246 290 330 436 444 489
10 458 496
15 133 135 236 327 370 378 393 404 414 443
100 317 387 439 500
1 34 38 69 122 156 358 402
18 40 92 110 247 298 362
15 75 193 318 401 404 410
49 55 145 146 200 349 367 395 406 427 454
8 16 124 194 209 280 282 296 332 438
27 47 57 106 132 267 319 340 343 356 448 483
53 86 114 175 177 181 198 227 232 249 253 301 307 376
17 60 75 76 85 135 144 168 176 179 222 305 318 339 378 414
90 93 121 148 196 216 303 396 468
27 57 106 132 276 340 343 356 405 408 466 479
77 94 101 102 103 107 184 204 261 304 336 373 459
5 20 67 116 212 263 374 392 437
79 238 274 295 411
31 70 89 190 309 420
9 137 372 374 380 381 383 431
65 78 108 118 134 144 168 176 180 246 290 334 436 444 470
8 52 82 87 162 241 285 359 366
151 315 388 447
19 58 70 205 281 395 406 429
21 33 115 240 258 275 341 347 461
33 112 157 192 223 385 413 448 455
1 55 139 141 160 200 207 226 358 452
10 458 471
6 36 136 155 201 242 257 269 386 403 417 422 460 464
37 39 80 101 104 195 202 224 243 264 292 373 416
120 140 157 172 192 286 288 385
100 150 158 262 265 317 387 439 473
