500 8793
3 15 29 42 44 57 62 70 76 112 166 178 186 188 190 201 210 217 260 288 295 313 317 338 351 356 360 369 407 412 421 434 486 489 496
5 8 33 50 56 69 97 150 168 174 194 211 227 228 230 233 247 262 306 315 328 331 359 384 414 431 433 440
1 8 9 15 19 29 33 42 44 56 57 62 70 76 85 150 174 186 188 190 215 227 228 257 260 288 295 304 306 315 317 329 331 333 338 351 356 360 369 407 412 421 433 434 486 489 496
10 34 38 67 84 108 109 116 120 124 147 164 218 235 241 265 271 280 283 291 324 334 350 365 372 451 455 458 472 487 491
2 8 26 50 69 97 99 102 150 168 174 194 208 211 230 233 247 262 290 296 328 359 364 384 414 431 433 440 445 477 497 498
18 23 28 47 60 64 66 82 95 104 125 130 132 175 195 220 238 240 261 299 335 343 345 366 374 389 397 415 425 426 453 456 478 483
18 40 43 48 53 55 59 88 90 118 128 133 137 140 143 149 160 177 197 206 212 240 279 282 289 292 335 340 345 347 362 376 383 389 396 397 398 400 401 404 427 459 469 494
2 3 5 19 29 33 50 56 76 97 150 174 188 211 227 228 230 247 262 306 315 328 329 331 351 359 412 421 431 433 440
3 33 42 44 50 57 62 63 76 85 92 166 174 186 193 194 203 211 228 257 260 262 295 320 338 351 360 364 384 385 392 412 433 445 446 496
4 27 34 38 51 65 67 84 108 109 114 120 124 134 147 164 218 235 241 265 271 280 283 291 300 324 334 348 350 365 372 377 451 455 458 472 487 491
65 94 108 109 114 124 135 139 145 156 164 184 198 207 214 221 222 237 266 270 271 283 293 301 357 372 420 437 439 451 468 493
26 79 83 93 99 113 148 155 163 165 167 172 173 176 180 183 192 208 209 223 225 229 252 253 254 255 273 284 308 309 321 325 337 339 353 371 375 378 387 405 409 411 419 429 435 463 464 465 477 497 498
14 17 21 32 77 115 129 151 157 171 213 231 239 251 264 274 276 277 281 305 310 322 346 355 370 399 403 410 413 416 418 424 432 442 447 450 452 460 462 470 474 475
13 22 23 46 54 74 91 115 123 125 152 161 226 231 239 244 264 272 274 297 310 336 390 399 432 441 447 450 452 462 467 474 476 479
1 3 19 29 33 42 44 56 57 62 70 76 188 190 205 210 215 227 228 260 288 304 315 317 329 331 333 351 356 360 369 407 412 421 430 433 434 486 489 492 496
31 63 89 92 106 111 122 141 146 159 181 189 193 196 199 203 224 243 248 311 316 320 330 379 381 385 402 454 466 484 500
13 21 32 61 77 98 100 110 151 171 204 213 219 251 277 281 322 327 355 370 388 403 410 418 424 442 460 475 488 499
6 7 20 36 43 48 55 60 64 118 137 140 149 160 162 177 185 221 222 238 240 245 259 293 299 335 343 345 347 357 367 374 389 391 397 401 420 427 449 469 483 490 494
3 8 15 29 33 56 62 76 150 188 190 205 215 227 228 230 247 304 306 315 329 331 333 351 360 407 412 421 430 433 489 492
18 37 48 94 135 139 153 156 162 177 185 207 214 221 222 245 266 270 282 289 293 347 357 367 376 391 396 401 420 428 439 449 468 469 490
13 17 32 61 77 98 100 110 151 171 204 213 219 251 276 277 281 322 327 355 370 382 388 403 410 418 424 442 450 460 475 488 499
14 35 54 74 115 123 152 161 239 244 249 268 272 274 297 310 346 390 441 447 470 474 476 479
6 14 28 46 47 66 74 91 104 105 125 130 132 157 175 226 238 244 261 263 278 285 297 336 366 389 390 425 432 452 453 456 462 467 483
30 31 45 49 63 73 80 92 110 119 126 141 146 159 166 187 193 196 199 200 201 202 203 217 219 224 242 243 313 320 327 330 338 349 373 385 388 392 402 423 446 448 454 457 466 482 484
36 52 58 64 95 96 103 127 131 136 154 162 181 184 195 216 220 250 259 267 294 302 319 326 342 343 368 379 380 406 426 449 471
5 12 69 79 97 99 102 113 148 163 165 167 168 173 183 192 208 209 223 229 233 253 290 296 308 309 337 353 371 375 378 384 409 414 435 464 465 477 497 498
10 38 51 67 71 81 83 116 120 121 134 147 169 172 176 179 180 218 225 235 241 265 280 291 298 307 321 325 341 348 365 377 387 411 429 443 463 472 487 491 495
6 23 60 66 82 91 95 125 130 132 142 157 175 220 226 238 261 275 336 366 374 415 426 432 453 456 462 478 480 483
1 3 8 15 19 33 42 44 56 57 62 70 76 150 188 190 205 215 227 228 260 288 304 306 315 329 331 333 351 356 360 369 407 412 421 430 433 434 489 492
24 42 45 49 61 73 80 110 112 119 126 166 178 187 200 201 217 242 258 313 317 338 349 373 388 423 448 457 482 486 496 499
16 24 92 106 119 126 129 141 142 146 159 193 196 199 202 203 224 243 248 311 316 320 330 349 379 381 385 402 413 416 423 454 466 480 482 484 500
13 17 21 41 77 98 100 117 151 171 213 231 239 251 276 277 281 303 310 322 346 355 370 382 399 403 410 418 422 442 450 460 470 475 488
2 3 8 9 15 19 29 44 50 56 57 62 76 150 174 186 188 190 211 215 227 228 230 247 257 260 295 304 306 315 329 331 333 351 360 407 412 421 431 433 489 492
4 10 38 67 84 108 109 116 147 265 280 291 350 365 451 455 458 472 487 491
22 54 101 115 123 152 161 244 249 268 269 272 274 287 310 346 422 441 447 470 476 479 481
18 25 52 58 64 96 103 131 136 154 162 177 184 185 195 207 216 221 222 259 267 293 294 302 319 326 342 343 357 374 380 391 420 449 471 490 493
20 39 59 78 94 135 139 145 153 156 158 185 198 214 222 236 237 245 266 286 289 293 301 312 314 347 357 363 367 408 428 439 444 468 473
4 10 27 34 51 67 71 81 86 116 120 121 147 169 179 218 241 246 265 280 291 298 307 341 348 365 377 455 458 472 487 491
37 78 145 170 198 214 234 236 237 266 286 301 312 314 344 394 408 444 473
7 48 53 59 75 88 90 128 133 143 153 158 160 191 197 206 256 279 282 289 292 332 340 358 362 363 376 383 386 393 396 398 401 404 427
32 77 101 117 249 268 269 287 303 310 322 346 382 410 422 447 460 470 481
1 3 9 15 29 30 44 57 62 70 76 85 112 166 178 186 187 188 190 201 210 217 228 257 260 288 295 313 317 338 351 356 360 369 392 407 412 421 434 446 486 489 496
7 18 47 48 53 55 60 88 104 105 118 137 140 143 149 160 177 197 206 212 238 240 279 282 292 299 335 340 345 362 389 396 397 400 401 425 427 459 469 483 485 494
1 3 9 15 29 33 42 50 57 62 63 70 76 85 166 174 186 188 190 193 201 203 227 228 257 260 262 288 295 313 317 320 329 331 338 351 360 364 369 392 412 421 433 434 445 446 486 489 496
24 30 49 61 73 80 100 110 119 126 141 146 159 171 187 196 200 201 202 204 217 219 242 251 258 277 313 327 330 349 355 373 388 402 403 423 442 448 454 457 466 482 484 488 499
14 23 47 54 66 74 91 104 105 125 130 152 175 226 244 263 272 278 285 297 336 366 389 390 425 432 462 467 483
6 23 43 46 53 55 60 66 88 91 104 105 107 118 137 140 149 175 212 226 238 240 263 278 285 292 299 335 336 345 366 389 397 400 425 459 467 483 485 494
7 18 20 40 43 53 55 59 88 90 118 128 133 137 139 140 143 149 153 160 177 185 197 206 240 245 279 282 289 292 340 345 347 357 362 363 367 376 383 396 398 401 404 427 428 469 473 490 494
24 30 45 61 73 80 98 100 110 119 126 141 146 159 171 187 196 200 201 202 204 217 219 242 251 258 277 313 327 330 349 355 373 388 402 403 423 442 448 454 457 466 482 484 488 499
2 5 8 9 33 44 57 85 97 150 168 174 186 194 211 228 230 247 257 262 290 295 296 328 351 359 364 384 412 414 431 433 440 445
10 27 38 67 71 81 86 116 120 121 147 169 179 218 225 241 246 265 280 291 298 307 321 341 348 365 377 429 458 472 487 491
25 36 58 65 72 96 103 114 127 131 134 136 154 184 195 216 232 250 259 267 294 300 302 318 319 324 326 334 342 343 368 380 395 406 449 471 493 495
7 40 43 47 48 55 88 90 104 107 118 133 137 140 143 149 160 197 206 212 278 279 282 292 340 345 362 389 396 400 401 404 425 427 459 483 485 494
14 22 35 46 74 115 123 152 161 239 244 272 274 285 297 390 441 447 452 467 474 476 479
7 18 43 47 48 53 88 90 104 118 133 137 140 143 149 160 197 206 212 238 240 279 282 292 299 335 340 345 362 376 389 396 397 400 401 404 425 427 459 469 483 485 494
2 3 8 15 19 29 33 76 150 188 215 227 228 230 247 304 306 315 329 331 333 359 407 421 431 433 440 489 492
1 3 9 15 29 33 42 44 50 62 63 70 76 85 166 174 186 188 190 193 203 227 228 257 260 262 288 295 313 317 320 329 331 338 351 360 364 369 392 412 421 433 434 445 446 486 489 496
25 36 52 65 72 93 96 103 127 131 134 136 154 181 184 189 195 216 232 250 259 267 294 300 302 318 319 326 342 368 380 395 406 449 471 495
7 37 40 48 75 90 128 133 143 153 158 170 191 206 214 236 256 279 282 286 289 312 314 332 344 347 354 358 362 363 367 376 383 386 393 396 398 401 404 408 428 469 473
6 18 28 43 47 64 66 82 95 104 105 130 132 162 175 195 220 238 240 261 299 335 343 345 366 374 389 397 425 426 453 456 478 483
17 21 30 45 49 73 77 80 98 100 110 171 200 204 219 251 258 277 281 327 355 373 388 403 423 442 448 457 488 499
1 3 9 15 19 29 33 42 44 57 70 76 85 166 178 186 188 190 227 228 257 260 262 288 295 313 317 329 331 338 351 356 360 364 369 392 407 412 421 433 434 445 446 486 489 496
9 16 24 44 57 85 89 92 166 186 193 194 199 203 243 257 262 290 295 296 311 320 338 364 384 385 392 402 445 446
6 18 25 36 60 95 96 131 154 162 177 181 184 195 216 220 221 238 240 259 299 302 335 342 343 374 391 397 420 426 449 471 478 490
10 11 52 58 67 84 96 103 114 124 131 134 154 164 184 207 216 221 222 232 235 241 267 270 271 283 294 300 318 319 324 326 334 342 372 380 420 449 455 493 495
6 23 28 46 47 60 91 104 105 125 130 132 175 226 238 240 261 263 278 299 335 336 345 366 374 389 397 425 453 456 462 467 483
4 10 27 34 38 51 65 84 108 109 114 120 124 134 147 164 218 235 241 265 271 280 283 291 324 334 348 350 365 372 377 455 458 472 487 491
79 102 113 138 148 163 165 167 173 182 183 209 229 233 252 253 255 284 308 371 375 378 435 438
2 5 26 97 99 102 113 163 167 168 183 208 209 211 229 233 290 308 328 359 414 431 440 477 497 498
1 3 15 29 42 44 57 62 76 112 166 178 188 190 201 210 260 288 295 313 317 338 351 356 360 369 407 412 421 430 434 486 489 496
27 38 51 79 81 83 120 121 144 147 155 169 172 176 179 180 218 223 225 235 241 252 265 280 298 307 321 325 339 341 348 375 377 387 405 411 429 443 463 487 495
52 58 83 93 96 103 111 122 127 131 134 136 155 176 180 189 223 232 250 254 267 273 294 300 318 319 326 337 339 353 368 380 395 405 406 411 419 463 464 465 495
24 30 45 49 61 80 110 112 119 126 141 146 159 166 171 187 193 196 200 201 202 217 219 242 258 277 313 320 327 330 338 349 373 388 392 402 423 442 448 454 457 466 482 484 499
14 22 23 46 54 91 115 123 152 161 226 231 239 244 264 272 274 285 297 336 390 432 441 447 452 467 474 476 479
40 59 90 128 133 143 153 158 170 191 197 206 256 279 282 286 289 314 332 344 354 358 362 363 376 383 386 393 396 398 401 404 428 473
1 3 8 9 15 19 29 33 42 44 56 57 62 70 150 174 186 188 190 215 227 228 230 247 257 260 288 295 304 306 315 329 331 333 351 356 360 407 412 421 430 433 434 489 492
13 17 21 32 41 61 98 100 117 151 171 204 213 251 276 277 281 303 310 322 346 355 370 382 403 410 418 442 450 460 475 488
37 39 94 145 156 158 170 198 214 234 236 237 266 286 301 312 314 344 394 408 428 444 473
12 26 68 71 87 99 113 121 138 148 155 163 165 167 169 172 173 176 180 182 183 192 208 209 223 225 229 252 253 255 284 307 308 321 323 325 339 341 353 371 375 378 387 409 411 429 435 438 443 463 465 497
24 30 45 49 61 73 110 112 119 126 146 166 178 187 200 201 217 242 258 313 317 327 338 349 373 388 423 448 457 482 486 496 499
27 38 51 71 86 87 116 120 121 144 147 169 176 179 218 225 246 252 265 280 291 298 307 321 323 325 341 348 352 377 387 429 436 443 461 487
6 28 60 95 125 129 130 132 142 157 175 181 195 220 224 261 275 366 374 379 413 415 416 426 453 456 462 478 480
12 27 71 72 93 120 121 127 134 155 172 173 176 180 223 225 232 235 241 250 254 273 318 324 339 341 353 387 395 405 406 409 411 419 429 463 464 465 495
4 10 34 65 67 108 109 114 120 124 134 147 164 218 235 241 265 267 271 280 283 291 300 318 324 334 350 365 372 451 455 458 472 487 491 493
3 9 42 44 50 57 62 63 92 166 174 186 193 194 203 211 228 243 257 260 262 295 320 338 351 360 364 384 385 392 412 433 445 446 496
38 51 81 116 144 179 246 298 352 361 417 436
79 81 121 138 144 165 169 179 182 252 253 255 284 298 307 321 323 325 352 375 378 429 438 443 461
7 40 43 47 48 53 55 90 104 105 107 118 133 137 140 143 149 160 197 206 212 238 278 279 282 292 340 345 362 389 397 400 401 425 427 459 483 485 494
16 63 92 93 106 111 122 127 189 194 199 203 243 248 290 296 309 311 316 337 381 384 385 414 464 500
7 40 48 53 55 59 75 88 118 128 133 143 153 158 160 191 197 206 256 279 282 289 292 332 340 358 362 363 376 383 386 393 396 398 401 404 427
14 23 28 46 47 66 74 104 105 107 125 130 132 175 226 238 263 278 285 297 336 366 389 390 425 453 467 483 485
9 16 24 31 63 85 89 106 111 122 141 146 159 189 193 194 199 203 243 248 262 296 311 316 320 330 364 381 384 385 392 402 445 446 466 500
12 58 72 83 89 99 111 122 127 136 155 172 173 176 180 189 192 223 232 250 254 273 309 337 339 353 368 395 405 406 409 411 419 463 464 465 495 497
11 20 37 78 124 135 139 145 156 198 207 214 222 236 237 245 266 270 283 293 301 312 347 357 367 372 428 437 439 451 468
6 25 28 60 64 82 132 175 181 195 220 261 275 302 343 374 379 381 415 426 453 456 471 478
25 36 52 58 64 65 72 103 127 131 136 154 181 184 189 195 216 232 250 259 267 294 300 302 318 319 326 342 343 368 380 395 406 449 471 495
2 5 8 26 50 69 102 150 168 174 211 230 233 247 290 328 359 384 414 431 440 477 498
17 21 32 49 61 77 100 110 171 204 219 251 258 277 281 327 355 370 373 388 403 418 442 488 499
5 12 26 69 79 93 102 113 148 155 163 165 167 168 172 173 183 192 208 209 223 229 253 273 290 296 308 309 337 353 371 375 378 409 414 419 435 464 465 477 497 498
17 21 32 45 49 61 77 98 110 151 171 204 213 219 251 258 277 281 327 355 370 373 388 403 418 442 475 488 499
35 41 117 249 268 269 287 303 310 322 346 382 410 422 447 460 470 479 481
5 26 68 69 97 99 113 163 165 167 168 183 208 209 229 233 253 284 308 328 371 378 435 477 497 498
25 36 52 58 65 72 96 114 127 131 134 136 154 164 184 207 216 221 232 235 250 259 267 270 271 283 294 300 318 319 324 326 334 342 368 380 395 406 420 449 493 495
6 23 43 46 47 53 55 60 66 88 91 105 107 118 137 140 149 160 175 212 226 238 240 263 278 285 292 299 335 336 340 345 366 389 397 400 425 427 459 467 483 485 494
23 43 46 47 60 66 88 91 104 107 137 140 175 212 226 238 240 263 278 285 292 299 335 336 345 366 389 397 400 425 459 467 483 485
16 31 89 92 111 122 127 136 181 189 199 224 243 248 302 311 316 368 379 381 385 406 500
47 53 88 91 104 105 137 140 212 263 278 285 292 340 345 389 400 425 459 485
4 10 11 34 67 84 109 124 164 271 283 350 365 372 437 451 455 458 472 491
4 10 11 34 67 84 108 114 124 164 241 271 283 291 334 350 365 372 437 451 455 458 472 491
17 21 24 30 45 49 61 73 80 98 100 119 126 129 141 146 151 159 171 187 196 200 202 204 213 217 219 242 251 258 277 281 305 327 330 349 355 370 373 388 402 403 413 416 418 423 424 442 448 454 457 466 482 484 488 499
16 72 89 92 93 106 122 127 189 192 248 250 254 273 290 296 309 311 316 337 353 368 384 406 414 419 464 465 500
1 30 42 70 73 80 166 178 187 200 201 210 217 242 258 260 288 313 317 338 356 369 373 434 448 457 486 496
12 26 68 69 79 99 102 138 148 163 165 167 173 182 183 208 209 229 233 252 253 255 284 308 371 375 378 409 435 438 477 497 498
10 11 52 65 67 84 103 109 124 131 134 154 164 184 207 216 232 235 241 267 270 271 283 294 300 318 319 324 326 334 342 372 380 455 493 495
13 14 22 35 54 74 123 152 161 231 239 244 264 268 272 274 297 310 322 346 390 399 432 441 447 450 452 467 470 474 475 476 479
4 27 34 38 51 81 86 120 147 218 246 265 280 291 298 348 365 377 458 472 487 491
32 41 77 101 239 249 268 269 287 303 310 322 346 382 410 422 447 460 470 475 479 481
7 18 43 47 48 53 55 88 90 104 128 133 137 140 143 149 160 177 197 206 212 238 240 279 282 292 299 335 340 345 362 376 389 396 397 398 400 401 404 425 427 459 469 483 485 494
24 30 31 45 49 73 80 110 126 129 141 146 159 171 187 193 196 200 201 202 217 219 224 242 243 277 305 313 320 327 330 349 373 388 392 402 403 413 416 423 442 448 454 457 466 482 484
4 10 27 38 51 67 71 81 83 84 116 121 134 147 169 176 179 218 225 235 241 265 280 291 298 307 321 324 334 341 348 365 377 387 411 429 443 455 458 463 472 487 491 495
27 38 51 71 79 81 83 87 120 144 147 155 169 172 176 179 180 218 223 225 252 255 265 280 298 307 321 325 341 348 375 377 387 411 429 443 463 487
16 72 89 92 93 106 111 127 136 181 189 199 248 250 273 309 311 316 337 368 381 406 419 464 500
14 22 35 54 74 115 152 161 239 244 268 272 274 297 390 441 447 474 476 479
4 10 11 65 67 84 94 108 109 114 135 145 164 237 270 271 283 301 350 372 437 451 455 493
6 14 23 28 46 66 82 91 129 130 132 142 157 175 226 231 261 264 275 276 336 366 399 413 415 416 432 452 453 456 462 467 478 480
24 30 31 45 49 73 80 110 119 141 146 159 166 187 193 196 200 201 202 203 217 219 224 242 243 277 313 320 327 330 338 349 373 385 388 392 402 423 446 448 454 457 466 482 484
25 52 58 72 83 89 93 96 103 106 111 122 131 136 154 181 189 232 248 250 254 267 273 294 300 302 316 318 319 326 339 342 368 380 395 405 406 419 471 495 500
7 40 48 59 75 90 118 133 143 153 158 160 191 197 206 256 279 282 286 289 332 340 358 362 363 376 383 386 393 396 398 401 404 427 473
13 31 82 110 119 125 130 141 142 151 157 159 171 196 202 213 219 224 251 261 275 276 277 281 305 327 330 355 370 399 403 413 415 416 418 423 424 432 442 450 454 462 466 480 482 484
6 23 28 46 60 66 82 91 125 129 132 142 157 175 226 231 261 264 275 276 336 366 399 413 415 416 432 452 453 456 462 467 478 480
25 36 52 58 64 65 72 96 103 114 127 134 136 154 162 164 184 195 216 221 232 250 259 267 294 300 302 318 319 324 326 334 342 343 368 380 391 395 406 420 449 471 493 495
6 23 28 60 66 82 91 95 125 130 142 157 175 220 226 261 275 336 366 374 415 416 426 432 453 456 462 478 480
7 40 48 53 55 59 75 88 90 118 128 137 140 143 149 153 160 197 206 279 282 289 292 340 362 363 376 383 386 396 398 401 404 427 494
10 27 52 58 65 67 72 83 84 103 114 120 131 154 164 180 218 232 235 241 250 254 265 267 271 283 294 300 318 319 324 326 334 339 341 365 380 395 405 406 411 455 463 472 487 493 495
11 20 37 94 124 139 145 156 185 198 207 214 221 222 236 237 245 266 270 293 301 312 347 357 367 372 420 428 437 439 468 490 493
25 36 52 58 72 93 96 103 106 122 127 131 154 181 184 189 195 232 250 254 267 294 300 302 316 318 319 326 342 368 380 395 406 419 471 495
7 18 43 47 48 53 55 88 104 105 107 118 133 140 143 149 160 197 206 212 238 240 279 282 292 299 335 340 345 362 376 389 396 397 400 401 425 427 459 469 483 485 494
68 79 87 113 148 163 165 167 182 183 229 252 253 255 284 308 323 325 371 375 378 435 438 443 461
11 20 37 48 94 135 145 156 162 177 185 207 214 221 222 236 237 245 266 270 289 293 301 312 347 357 367 391 420 428 439 449 468 469 490
7 18 43 47 48 53 55 88 104 105 107 118 133 137 143 149 160 197 206 212 238 240 278 279 282 292 299 335 340 345 362 389 396 397 400 401 425 427 459 469 483 485 494
16 24 31 45 49 73 92 110 119 126 129 146 159 171 187 193 196 199 200 202 203 219 224 242 243 277 311 320 327 330 349 385 388 392 402 413 416 423 442 446 454 466 482 484
28 31 82 125 129 130 132 151 157 171 196 213 219 224 261 275 276 277 305 330 370 379 399 413 415 416 424 432 442 453 454 456 462 466 478 480 484
7 40 43 48 53 55 59 75 88 90 118 128 133 137 140 149 153 160 197 206 279 282 289 292 340 345 362 363 376 383 386 396 398 400 401 404 427 459 469 494
71 81 86 87 121 169 179 246 252 255 298 307 321 323 325 352 361 417 429 436 443 461
11 37 39 78 94 124 135 139 156 198 207 214 222 236 237 245 266 270 301 312 357 367 372 428 437 439 451 468
16 24 31 45 49 73 80 92 110 119 126 141 159 166 171 187 193 196 199 200 201 202 203 217 219 224 242 243 277 313 320 327 330 349 373 385 388 392 402 423 442 446 448 454 466 482 484
4 10 27 34 38 51 67 71 81 84 116 120 121 169 179 218 225 235 241 246 265 280 291 298 307 321 341 348 365 377 387 429 455 458 472 487 491
12 26 68 79 99 113 138 155 163 165 167 172 173 176 180 183 192 208 209 223 229 252 253 254 255 273 284 308 309 321 325 337 339 353 371 375 378 387 405 409 411 419 429 435 464 465 477 497 498
7 18 43 47 48 53 55 88 104 118 133 137 140 143 160 177 197 206 212 238 240 279 282 292 299 335 340 345 362 376 389 396 397 400 401 425 427 459 469 483 494
2 3 5 8 19 29 33 50 56 76 97 174 188 211 227 228 230 247 257 262 306 315 328 329 331 351 359 360 412 421 431 433 440
13 17 21 32 77 100 110 129 142 157 171 202 213 219 231 251 264 275 276 277 281 305 322 327 355 370 399 403 413 416 418 423 424 432 442 450 454 462 475 480 484 488
14 22 35 46 54 74 115 123 161 226 231 239 244 264 272 274 297 310 322 346 390 399 432 441 447 450 452 467 470 474 476 479
20 37 40 48 59 75 90 128 133 143 158 170 191 214 236 245 256 282 286 289 312 314 332 344 347 358 362 363 367 376 383 386 393 394 396 398 401 404 408 428 444 469 473
25 36 52 58 64 65 96 103 114 127 131 134 136 162 164 184 195 207 216 221 222 232 250 259 267 270 271 294 300 302 318 319 324 326 334 342 343 368 380 391 406 420 449 471 493
12 71 72 79 83 93 99 121 148 163 172 173 176 180 192 208 223 225 232 250 254 273 309 321 337 339 341 353 375 387 395 405 409 411 419 429 463 464 465 495 497
11 20 37 78 94 135 139 145 185 198 207 214 221 222 236 237 245 266 270 293 301 312 347 357 367 420 428 437 439 468 490
13 23 28 82 125 129 130 132 142 151 213 226 231 261 264 275 276 305 366 370 399 413 415 416 418 424 432 450 452 453 456 462 478 480
37 40 59 75 78 90 128 153 170 191 234 236 256 282 286 289 312 314 332 344 354 358 362 363 376 383 386 393 394 396 398 404 408 428 444 473
16 24 31 45 49 73 92 110 119 126 129 141 146 171 187 193 196 199 200 201 202 203 217 219 224 242 243 277 313 320 327 330 349 373 385 388 392 402 413 416 423 442 446 454 466 482 484
7 18 40 43 48 53 55 88 90 104 118 128 133 137 140 143 149 177 197 206 212 238 240 279 282 292 299 335 340 345 362 376 383 389 396 397 398 400 401 404 425 427 459 469 483 485 494
14 22 35 54 74 115 123 152 231 239 244 249 264 268 272 274 297 310 322 346 390 422 441 447 452 470 474 476 479
18 20 25 36 60 64 131 139 154 177 184 185 195 207 216 221 222 240 245 259 293 299 302 319 326 335 342 343 347 357 367 374 391 420 449 468 471 490 493
12 26 68 69 79 99 102 113 138 148 155 165 167 168 172 173 180 183 192 208 209 223 229 252 253 255 284 308 309 337 353 371 375 378 409 435 464 465 477 497 498
4 10 11 65 67 84 103 108 109 114 124 131 134 154 184 207 216 235 241 267 270 271 283 294 300 318 319 324 326 334 365 372 380 455 491 493 495
12 26 68 79 87 99 102 113 138 148 163 167 172 173 182 183 192 208 209 223 229 252 253 255 284 308 321 323 325 353 371 375 378 409 435 438 443 497 498
1 9 24 30 42 44 57 62 63 70 73 80 85 112 126 146 178 186 187 193 200 201 203 217 242 243 257 260 295 313 317 320 338 349 351 364 369 385 392 412 434 446 448 457 486 496
12 26 68 69 79 99 102 113 138 148 163 165 172 173 182 183 192 208 209 223 229 252 253 255 284 308 309 325 353 371 375 378 409 435 438 464 465 477 497 498
2 5 26 50 69 97 99 102 163 174 192 194 208 209 211 229 233 262 290 296 309 328 337 353 384 414 431 445 464 465 477 497 498
27 38 51 71 79 81 87 120 121 144 147 172 176 179 180 218 223 225 252 255 265 280 298 307 321 323 325 341 348 375 377 387 411 429 443 461 463 487
39 59 75 78 153 158 191 234 236 256 286 289 312 314 332 344 354 358 363 393 394 408 444 473
13 17 21 32 45 49 61 73 77 98 100 110 119 129 141 142 146 151 159 196 200 202 204 213 219 251 276 277 281 305 327 330 349 355 370 388 399 403 413 416 418 423 424 442 450 454 466 475 480 482 484 488
12 27 71 79 83 93 99 121 148 155 163 165 167 169 173 176 180 192 208 209 223 225 252 253 254 255 273 307 321 325 339 341 353 371 375 387 395 405 409 411 419 429 435 443 463 464 465 495 497
12 26 68 79 83 93 99 113 148 155 163 165 167 172 176 180 183 192 208 209 223 229 252 253 254 255 273 284 308 309 321 325 337 339 353 371 375 378 387 405 409 411 419 429 435 463 464 465 477 497 498
2 3 5 8 9 33 44 50 57 76 85 97 150 168 186 194 211 227 228 230 247 257 262 290 295 296 315 328 331 351 359 364 384 412 414 431 433 440 445
6 23 28 46 47 60 66 82 91 95 104 105 125 130 132 226 238 240 261 263 275 299 335 336 345 366 374 389 397 415 425 453 456 462 467 478 483
12 27 71 72 79 81 83 93 120 121 148 155 169 172 173 180 218 223 225 232 235 241 252 254 265 273 307 321 325 339 341 348 353 375 377 387 395 405 409 411 419 429 443 463 465 487 495
7 18 20 36 43 48 64 118 139 149 160 162 184 185 207 216 221 222 238 240 245 259 293 299 335 343 347 357 367 374 391 397 401 420 427 439 449 468 469 490 494
1 30 42 62 70 80 112 166 187 190 201 210 217 242 260 288 313 317 338 356 369 434 448 457 486 496
27 38 51 71 81 86 87 120 121 144 147 169 225 246 252 255 298 307 321 323 325 341 348 352 361 377 429 436 443 461
12 27 71 72 79 83 93 121 134 148 155 163 169 172 173 176 192 223 225 232 235 254 273 321 325 337 339 341 353 375 387 395 405 409 411 419 429 463 464 465 495 497
16 25 58 64 82 95 96 106 122 127 136 189 195 199 220 224 248 302 311 316 368 379 381 406 415 426 471 478 500
68 79 87 113 138 165 167 183 229 252 253 255 284 308 323 325 371 375 378 435 438 443 461
12 26 68 69 79 99 102 113 138 148 163 165 167 173 182 208 209 229 233 252 253 255 284 308 371 375 378 409 435 438 477 497 498
11 25 36 52 58 64 65 96 103 114 131 136 154 162 164 177 185 207 216 221 222 259 267 270 271 283 293 294 300 318 319 326 342 343 357 380 391 420 439 449 468 471 490 493
18 20 36 37 48 135 139 156 162 177 184 207 214 216 221 222 245 259 266 270 293 343 347 357 367 391 401 420 428 439 449 468 469 490
1 3 9 33 42 44 50 57 62 63 76 85 166 174 193 194 203 211 228 257 260 262 295 313 317 320 338 351 360 364 385 392 412 421 433 434 445 446 486 496
24 30 42 45 49 73 80 110 112 119 126 141 146 159 166 178 193 196 200 201 202 217 242 258 313 317 327 338 349 373 388 392 402 423 446 448 454 457 482 486 496
1 3 8 15 19 29 33 42 44 56 57 62 70 76 150 190 215 227 228 247 257 260 288 295 304 306 315 329 331 333 351 356 360 369 407 412 421 430 433 434 489 492
16 58 72 89 92 93 96 106 111 122 127 136 181 199 248 250 302 311 316 337 368 379 381 406 419 464 500
1 3 15 19 29 33 42 44 57 62 70 76 178 188 210 215 227 228 260 288 295 304 315 317 329 331 333 351 356 360 369 407 412 421 430 434 486 489 492 496
40 59 75 90 128 153 158 170 234 236 256 282 286 289 312 314 332 344 354 358 362 363 376 383 386 393 394 396 398 404 408 428 444 473
12 26 79 93 99 111 148 155 163 165 167 168 172 173 180 208 209 223 229 254 273 290 296 309 337 339 353 371 375 405 409 414 419 435 464 465 477 497 498
9 16 24 31 44 57 63 73 85 92 119 126 141 146 159 166 186 187 196 199 201 203 242 243 257 295 311 313 320 330 338 349 364 385 392 402 445 446 454 466 482 484
2 5 9 50 63 85 89 92 168 174 186 203 211 257 262 290 295 296 309 320 364 384 385 392 414 433 445 446
6 25 36 52 58 60 64 82 95 96 131 136 154 162 181 216 220 259 302 335 342 343 368 374 379 391 426 449 456 471 478
16 24 31 45 49 73 110 119 126 129 141 142 146 159 171 187 193 199 200 202 219 224 242 243 277 305 320 327 330 349 388 392 402 413 416 423 442 454 466 482 484
7 40 43 48 53 55 75 88 90 118 128 133 137 140 143 149 160 206 212 279 282 292 340 345 362 376 383 396 398 400 401 404 427 459 485 494
11 37 39 78 94 135 145 156 214 236 237 266 301 312 437 451
16 24 31 63 89 92 106 122 141 146 159 181 189 193 196 203 224 243 248 311 316 320 330 379 381 385 392 402 454 466 482 484 500
24 30 45 49 61 73 80 110 112 119 126 141 146 159 166 171 187 196 201 202 204 217 219 242 258 277 313 327 349 373 388 402 403 423 442 448 454 457 466 482 488 499
1 24 30 42 44 45 49 70 73 80 112 119 126 146 159 166 178 187 193 200 217 242 258 260 313 317 338 349 369 373 388 392 423 434 446 448 457 482 486 496
24 31 45 49 73 110 119 126 129 141 146 151 159 171 187 196 200 213 217 219 224 242 251 277 305 327 330 349 355 373 388 402 403 413 416 423 424 442 448 454 457 466 482 484 488
9 16 24 31 44 57 63 85 89 92 126 141 146 159 166 186 193 194 199 243 257 262 295 296 311 320 338 364 384 385 392 402 445 446 500
17 21 45 49 61 77 98 100 110 171 200 219 251 258 281 327 355 373 388 403 423 442 448 457 488 499
15 19 29 215 304 329 333 407 430 489 492
7 40 43 48 53 55 59 75 88 90 118 128 133 137 140 143 149 160 197 279 282 292 340 362 376 383 386 396 398 400 401 404 427 459 494
11 20 36 65 94 103 114 135 139 145 154 156 162 164 177 184 185 214 216 221 222 245 259 266 267 270 271 283 293 319 342 343 347 357 367 372 391 420 439 449 468 490 493
5 12 26 69 79 99 102 113 148 155 163 165 167 168 172 173 183 192 209 223 229 253 273 290 296 308 309 337 353 371 375 378 409 414 435 464 465 477 497 498
12 26 68 69 79 99 102 113 148 163 165 167 168 172 173 183 192 208 223 229 233 253 284 308 309 337 353 371 375 378 409 414 435 464 465 477 497 498
1 15 42 70 112 178 190 260 288 317 356 360 369 430 434 486 489 496
2 5 8 9 33 50 69 85 97 150 168 174 186 194 228 230 247 257 262 290 296 328 331 351 359 364 384 412 414 431 433 440 445 477
7 43 47 53 55 88 104 105 107 118 137 140 149 160 197 263 278 279 285 292 340 345 389 400 425 427 459 485 494
13 17 21 32 77 100 110 129 142 151 157 171 202 219 231 251 264 276 277 281 305 322 327 355 370 399 403 413 416 418 424 432 442 450 452 462 475 480 488
11 20 37 39 59 78 94 135 139 145 153 156 185 198 207 222 236 237 245 266 270 286 289 293 301 312 314 347 357 363 367 408 428 439 444 468 469 473 490
3 15 19 29 33 56 76 188 190 205 227 304 315 329 331 333 356 360 407 421 430 489 492
25 36 52 58 64 65 96 103 114 131 154 162 164 177 184 185 195 207 221 222 259 267 270 293 294 300 302 318 319 326 342 343 357 380 391 420 439 449 468 471 490 493
1 24 30 42 45 49 73 80 110 112 119 126 146 159 166 178 187 200 201 202 242 258 313 317 327 338 349 373 388 392 423 448 457 482 486 496
4 10 27 38 51 67 71 81 84 116 120 121 134 147 169 176 225 235 241 265 280 291 298 307 321 324 334 341 348 365 377 387 411 429 455 458 463 472 487 491 495
17 21 24 45 49 61 73 98 100 110 119 126 129 141 142 146 151 159 171 196 200 202 204 213 242 251 258 276 277 281 305 327 330 349 355 370 373 388 402 403 413 416 418 423 424 442 454 466 482 484 488 499
6 25 28 60 64 82 95 132 181 195 261 275 302 316 343 374 379 381 415 426 453 456 471 478
11 18 20 36 64 65 103 131 135 139 154 156 162 177 184 185 207 216 222 245 259 267 270 293 294 319 326 342 343 347 357 367 391 420 439 449 468 490 493
11 18 20 36 37 65 94 135 139 145 154 156 162 177 184 185 207 214 216 221 245 259 266 270 283 293 342 343 347 357 367 372 391 420 439 449 468 469 490 493
12 26 71 72 79 83 93 99 121 148 155 163 165 167 169 172 173 176 180 192 208 209 225 252 253 254 273 309 321 325 337 339 341 353 371 375 387 395 405 409 411 419 429 435 443 463 464 465 497
16 24 31 82 106 119 126 129 141 142 146 159 181 196 199 202 243 248 275 277 305 311 316 330 349 379 381 402 413 415 416 423 454 466 480 482 484 500
12 27 51 71 79 81 83 120 121 147 155 169 172 176 179 180 218 223 235 241 252 254 265 273 280 307 321 325 339 341 348 375 377 387 395 405 411 429 443 463 487 495
14 23 28 46 47 66 74 91 104 105 125 130 132 152 157 175 244 261 263 264 278 285 297 336 366 389 390 425 432 452 453 456 462 467 483
2 3 8 15 19 29 33 44 56 57 62 76 150 174 188 190 215 228 230 247 304 306 315 329 331 333 351 360 407 412 421 431 433 440 489 492
2 3 8 9 15 19 29 33 42 44 50 56 57 62 76 85 150 174 186 188 190 211 227 230 247 257 260 262 295 304 306 315 329 331 333 351 359 360 364 407 412 421 431 433 434 445 489 496
12 26 68 69 79 99 102 113 138 148 163 165 167 168 173 182 183 192 208 209 233 252 253 255 284 308 309 353 371 375 378 409 435 465 477 497 498
2 5 8 19 33 50 56 76 97 150 174 211 227 228 247 306 315 328 329 331 359 431 433 440
13 14 32 74 115 125 130 151 152 157 161 213 239 264 272 274 276 281 305 310 322 346 370 390 399 413 418 424 432 447 450 452 462 470 474 475
52 58 65 72 83 93 96 103 114 127 131 134 136 154 155 176 180 235 241 250 254 267 273 294 300 318 319 324 326 334 339 341 368 380 387 395 405 406 411 419 463 495
2 5 26 68 69 97 102 113 168 183 209 229 308 328 359 431 440 477 498
39 78 158 170 191 236 256 286 312 314 332 344 354 358 363 393 394 408 444 473
4 10 27 65 67 71 83 84 103 114 120 134 147 164 176 180 218 225 232 241 254 265 267 271 280 291 294 300 318 324 334 339 341 348 365 377 387 395 405 411 429 455 463 472 487 491 495
37 39 59 78 94 135 139 145 153 156 158 170 191 198 214 234 237 245 256 266 286 289 301 312 314 332 344 347 363 367 376 383 394 408 428 439 444 468 473
11 37 39 78 94 124 135 139 145 156 198 214 236 266 270 301 312 372 437 439 451 468
6 18 23 28 43 47 55 60 64 66 88 91 104 105 118 137 140 149 160 175 177 240 263 292 299 335 336 345 366 374 389 397 425 427 453 456 483 494
13 14 22 32 54 74 115 117 123 152 161 231 244 249 264 268 269 272 274 276 303 310 322 346 370 390 399 410 418 422 432 441 447 450 452 460 470 474 475 479
6 7 18 43 47 48 55 60 64 66 104 105 118 137 140 149 160 162 175 177 238 292 299 335 343 345 374 389 391 397 425 427 469 483 490 494
4 10 27 38 51 65 67 71 83 84 109 114 120 134 147 164 176 218 225 232 235 265 271 280 283 291 300 318 324 334 341 348 365 377 387 395 411 455 458 463 472 487 491 495
24 30 45 49 73 80 110 112 119 126 141 146 159 166 178 187 193 196 200 201 202 217 219 258 313 317 320 327 338 349 373 388 392 402 423 446 448 454 457 466 482 496
16 24 31 63 85 89 92 106 119 126 141 146 159 166 193 196 199 203 224 248 311 316 320 330 349 364 381 385 392 402 445 446 454 466 482 484 500
14 22 23 35 46 54 74 115 123 152 161 226 239 264 272 274 285 297 336 390 441 447 452 467 474 476 479
18 20 37 48 94 135 139 145 153 156 162 177 185 207 214 221 222 236 266 270 289 293 312 347 357 367 376 391 396 401 420 428 439 468 469 473 490
38 51 81 86 116 144 147 179 280 291 298 307 348 352 361 377 417 436
2 5 8 19 33 50 56 76 97 150 174 188 211 227 228 230 306 315 328 329 331 359 431 433 440
16 31 89 92 106 111 122 127 181 189 199 224 243 302 311 316 330 368 379 381 385 500
22 35 41 101 117 161 239 268 269 274 287 303 310 322 346 382 410 422 447 460 470 474 479 481
25 52 58 72 83 93 96 103 111 122 127 131 134 136 154 155 189 232 254 267 273 294 300 302 318 319 326 339 342 368 380 395 405 406 419 463 471 495
13 17 21 32 45 49 61 77 98 100 110 129 151 171 202 204 213 219 276 277 281 305 322 327 355 370 388 399 403 413 416 418 423 424 442 450 454 475 488 499
12 68 71 79 81 87 113 121 138 144 148 163 165 167 169 172 173 176 179 182 183 223 225 229 253 255 284 307 308 321 323 325 341 371 375 378 387 409 429 435 438 443 461
12 26 68 79 87 99 102 113 138 148 163 165 167 172 173 182 183 208 209 223 229 252 255 284 308 321 323 325 371 375 378 409 435 438 443 497
12 72 83 93 111 127 134 136 148 155 172 173 176 180 192 223 225 232 235 250 273 309 318 337 339 341 353 387 395 405 406 409 411 419 429 463 464 465 495 497
12 68 79 87 113 121 138 144 148 163 165 167 169 172 173 179 182 183 229 252 253 284 308 321 323 325 371 375 378 429 435 438 443 461
40 59 75 90 128 153 158 170 191 234 236 286 289 312 314 332 344 354 358 363 376 383 386 393 394 396 398 404 408 428 444 473
3 9 33 42 44 50 57 62 63 76 85 150 166 174 186 188 193 194 203 211 228 260 262 295 320 331 338 351 360 364 384 385 392 412 421 433 445 446 496
30 45 49 61 73 80 98 100 110 112 187 200 201 204 217 219 242 313 327 373 388 403 423 448 457 488 499
18 25 36 52 58 64 96 103 131 154 162 177 184 185 195 207 216 221 222 267 293 294 302 319 326 342 343 357 374 380 391 420 449 471 490 493
1 3 9 15 29 33 42 44 57 62 70 76 85 112 166 178 186 188 190 201 210 228 257 288 295 313 317 338 351 356 360 364 369 392 407 412 421 433 434 446 486 489 496
6 23 28 60 66 82 95 125 129 130 132 142 157 175 220 226 275 366 374 413 415 416 426 432 453 456 462 478 480
2 5 8 9 44 50 57 62 63 85 92 150 168 174 186 194 203 211 228 257 290 295 296 320 351 364 384 385 392 412 414 431 433 445 446
23 46 47 66 91 104 105 107 175 212 226 238 278 285 297 336 345 366 389 397 400 425 459 467 483 485
13 14 74 115 125 130 151 152 157 161 213 226 231 239 244 272 274 276 281 305 310 322 370 390 399 418 424 432 441 447 450 452 462 467 474 475
4 10 27 34 38 51 67 71 81 84 116 120 121 134 147 169 176 218 225 235 241 280 291 298 307 321 324 334 341 348 365 377 387 411 429 455 458 463 472 487 491 495
11 20 37 39 78 94 135 139 145 156 185 198 207 214 222 236 237 245 270 286 289 293 301 312 314 347 357 367 408 428 437 439 444 468 473
25 36 52 58 65 72 84 96 103 114 127 131 134 136 154 164 184 207 216 221 232 235 250 259 270 271 283 294 300 318 319 324 326 334 342 368 380 395 406 420 449 493 495
22 35 41 101 115 117 123 161 239 249 269 272 274 287 303 310 346 422 441 447 470 479 481
35 41 101 117 239 249 268 274 287 303 310 322 346 382 410 422 447 460 470 479 481
11 20 65 94 103 114 124 135 139 145 154 156 164 184 185 207 214 216 221 222 237 245 266 267 271 283 293 300 301 357 372 391 420 437 439 449 451 468 493
4 10 11 65 67 84 103 108 109 114 124 134 154 164 184 207 235 241 267 270 283 294 300 318 319 324 334 350 365 372 451 455 491 493
14 22 35 46 54 74 115 123 152 161 231 239 244 264 268 274 297 310 390 441 447 452 467 470 474 476 479
12 72 83 93 99 111 122 127 148 155 172 173 176 180 192 208 223 225 232 250 254 309 337 339 353 387 395 405 406 409 411 419 463 464 465 495 497
13 14 22 35 54 74 115 123 152 161 231 239 244 249 264 268 269 272 276 297 303 310 322 346 390 399 422 432 441 447 450 452 470 474 475 476 479
28 82 95 125 129 130 132 142 151 157 175 220 224 261 276 305 366 379 399 413 415 416 424 426 432 453 456 462 478 480 484
13 21 32 77 125 129 130 142 151 157 171 213 219 231 239 251 264 274 275 277 281 305 322 355 370 399 403 413 416 418 424 432 442 450 452 462 474 475 480
13 17 21 32 45 49 61 73 77 98 100 110 119 126 129 141 142 146 151 159 171 196 200 202 213 219 224 251 276 281 305 327 330 349 355 370 388 399 403 413 416 418 423 424 442 450 454 466 475 480 482 484 488
23 46 47 53 66 88 91 104 105 107 140 212 226 263 285 297 336 345 389 400 425 459 467 483 485
7 40 43 48 53 55 59 75 88 90 118 128 133 137 140 143 149 160 197 206 212 282 292 340 362 376 383 386 396 398 400 401 404 427 459 494
4 10 27 34 38 51 67 71 81 84 116 120 121 147 169 218 225 235 241 246 265 291 298 307 341 348 365 377 455 458 472 487 491
13 17 21 32 61 77 98 100 110 129 151 171 204 213 219 231 251 264 276 277 305 322 327 355 370 399 403 410 413 418 424 442 450 460 475 488
7 20 40 43 48 53 55 59 75 88 90 118 128 133 137 140 143 149 153 158 160 191 197 206 279 289 292 332 340 345 347 362 363 367 376 383 386 396 398 401 404 427 428 469 473 494
4 10 11 65 67 84 94 103 108 109 114 124 134 164 184 207 222 241 267 270 271 294 300 318 319 324 334 350 365 372 451 455 491 493
12 68 79 87 102 113 138 148 163 165 167 173 182 183 209 229 252 253 255 308 323 325 371 375 378 435 438 443
23 46 47 54 74 91 104 105 107 212 226 244 263 278 297 336 390 400 459 467 476 485
37 39 59 75 78 128 153 158 170 191 214 234 236 256 266 289 312 314 332 344 354 358 363 376 383 386 393 394 396 398 404 408 428 444 473
35 41 101 117 249 268 269 303 310 346 382 410 422 447 460 470 479 481
1 3 15 29 42 44 57 62 70 76 112 178 188 190 210 260 317 329 333 338 351 356 360 369 407 412 421 430 434 486 489 496
7 20 37 40 48 59 75 90 128 133 139 143 153 158 170 191 214 236 245 256 266 282 286 312 314 332 344 347 358 362 363 367 376 383 386 393 396 398 401 404 408 428 444 469 473
5 26 50 63 69 89 97 99 111 168 174 192 194 208 211 262 296 309 337 364 384 414 445 464 465 477 497 498
4 10 27 34 38 51 67 81 84 109 116 120 147 218 235 241 246 265 280 307 341 348 365 377 455 458 472 487 491
7 40 43 47 48 53 55 88 90 104 105 107 118 133 137 140 143 149 160 197 206 212 238 240 279 282 299 335 340 345 362 376 389 396 397 400 401 404 425 427 459 469 483 485 494
11 18 20 36 37 94 135 139 156 162 177 184 185 207 214 216 221 222 245 259 266 270 342 343 347 357 367 391 420 428 439 449 468 469 490 493
25 36 52 58 65 72 96 103 114 127 131 134 136 154 164 184 216 221 232 235 250 259 267 271 283 300 318 319 324 326 334 342 368 380 395 406 420 449 493 495
1 3 9 33 42 44 50 57 62 63 70 76 85 166 174 186 188 190 193 194 203 228 257 260 262 313 317 320 338 351 360 364 385 392 412 421 433 434 445 446 486 496
5 26 50 63 89 92 99 111 168 174 192 194 203 208 211 262 290 309 337 364 384 414 445 464 465 477 497 498
14 22 23 46 54 74 91 115 123 152 161 226 244 263 272 274 278 285 336 390 441 452 467 476
27 38 51 71 81 86 87 116 120 121 144 147 169 179 218 246 265 280 307 321 325 348 352 361 377 417 429 436 443 461
6 18 43 47 55 60 64 66 104 105 118 137 140 149 160 162 175 177 238 240 292 335 343 345 366 374 389 397 425 427 469 483 490 494
10 52 58 65 72 84 96 103 114 127 131 134 136 154 164 184 216 232 235 241 250 267 270 271 283 294 318 319 324 326 334 342 372 380 395 406 449 455 493 495
11 37 39 78 94 124 135 139 145 156 198 214 236 237 266 270 312 372 408 428 437 439 451 468
25 36 52 58 64 95 96 106 127 131 136 154 162 181 189 195 216 220 248 250 259 316 319 326 342 343 368 374 379 380 381 406 426 449 471 478
32 41 77 101 117 239 249 268 269 274 287 310 322 346 382 410 422 447 460 470 474 475 479 481
3 15 19 29 33 56 76 188 190 205 215 227 228 306 315 329 331 333 360 407 421 430 489 492
13 110 119 129 142 151 157 171 196 202 213 219 224 231 251 264 275 276 277 281 327 330 355 370 399 403 413 415 416 418 423 424 432 442 450 454 462 466 475 480 482 484 488
2 3 8 19 29 33 56 76 150 188 227 228 230 247 304 315 328 329 331 333 359 407 421 431 433 440 492
27 38 51 71 79 81 87 120 121 144 147 169 172 176 179 218 225 246 252 265 280 291 298 321 325 341 348 375 377 387 411 429 443 463 487
12 26 68 69 79 99 102 113 138 148 163 165 167 173 182 183 208 209 229 233 252 253 255 284 371 375 378 409 435 438 477 497 498
12 26 89 93 99 111 122 148 155 163 167 168 173 192 194 208 209 223 229 254 273 290 296 337 339 353 384 409 414 419 464 465 477 497 498
13 14 22 32 35 41 77 101 115 117 152 161 231 239 249 264 268 269 272 274 287 303 322 346 382 399 410 422 441 447 450 452 460 470 474 475 479
16 31 63 89 92 106 111 122 141 181 189 193 199 203 224 243 248 316 320 330 379 381 385 402 466 484 500
37 39 59 78 94 135 139 145 153 156 158 170 191 198 214 234 236 237 245 256 266 286 289 301 314 332 344 347 363 367 383 394 408 428 439 444 468 473
1 24 30 42 44 45 49 57 62 70 73 80 112 119 126 146 159 166 178 186 187 193 200 201 217 242 258 260 295 317 320 338 349 369 373 388 392 423 434 446 448 457 482 486 496
37 39 59 75 78 153 158 170 191 214 234 236 256 266 286 289 312 332 344 354 358 363 383 386 393 394 408 428 444 473
2 3 8 15 19 29 33 56 76 150 174 188 190 215 227 228 230 247 304 306 329 331 333 351 359 360 407 412 421 431 433 440 489 492
16 31 89 92 106 111 122 127 136 181 189 199 220 224 243 248 302 311 330 368 379 381 426 500
1 3 15 30 42 44 57 62 70 80 112 166 178 186 187 190 201 210 217 242 260 288 295 313 338 351 356 360 369 412 434 448 457 486 496
52 58 65 72 83 84 96 103 114 127 131 134 136 154 164 184 216 232 235 241 250 254 267 271 283 294 300 319 324 326 334 342 368 380 395 405 406 463 493 495
25 36 52 58 65 72 96 103 114 127 131 134 136 154 162 164 184 207 216 221 232 250 259 267 271 283 294 300 302 318 324 326 334 342 343 368 380 391 395 406 420 449 471 493 495
9 16 24 31 44 57 63 73 85 92 119 126 141 146 159 166 186 193 194 196 199 203 242 243 257 262 295 311 313 330 338 349 364 385 392 402 445 446 454 466 482
12 27 51 71 79 81 87 120 121 144 147 148 155 165 169 172 173 176 179 180 218 223 225 252 253 255 265 298 307 323 325 341 348 375 377 387 411 429 443 461 463
13 17 21 32 41 77 101 115 117 151 152 161 213 231 239 249 251 264 269 274 276 281 303 310 346 355 370 382 399 410 418 422 424 432 447 450 452 460 470 474 475 479
79 81 87 138 144 165 169 179 182 252 253 255 284 321 325 352 371 375 378 435 438 443 461
4 10 52 65 67 83 84 103 114 120 131 134 154 164 218 232 235 241 265 267 271 283 294 300 318 319 326 334 341 365 372 380 395 455 463 472 487 491 493 495
12 27 71 79 81 87 121 138 144 148 165 167 169 172 173 176 179 180 182 223 225 252 253 255 284 298 307 321 323 341 348 371 375 377 378 387 411 429 435 438 443 461
25 36 52 58 65 72 96 103 114 127 131 134 136 154 162 164 184 216 221 232 250 259 267 294 300 302 318 319 324 334 342 343 368 380 395 406 420 449 471 493 495
17 21 24 45 49 61 73 80 98 100 110 119 126 129 141 146 151 159 171 187 196 200 202 204 213 217 219 242 251 258 277 281 305 330 349 355 370 373 388 402 403 413 416 418 423 424 442 448 454 457 466 482 484 488 499
2 5 8 50 69 97 102 150 168 174 211 230 233 247 306 359 431 433 440 477
3 8 15 19 29 33 44 56 57 62 76 150 188 190 205 215 227 228 230 247 288 304 306 315 331 333 351 356 360 407 412 421 430 433 434 489 492
16 24 31 45 49 73 92 110 119 126 129 141 142 146 159 171 193 196 199 202 219 224 243 248 277 305 311 316 320 327 349 379 381 385 402 413 416 423 442 454 466 480 482 484
2 3 8 15 19 29 33 44 56 57 62 76 150 174 188 190 211 215 227 228 230 247 257 304 306 315 329 333 351 359 360 407 412 421 431 433 440 489 492
40 59 75 90 128 153 158 170 191 234 236 256 282 286 289 312 314 344 354 358 362 363 376 383 386 393 394 396 398 404 408 428 444 473
3 15 19 29 33 56 76 188 190 205 215 227 228 288 304 306 315 329 331 356 360 407 421 430 489 492
4 10 52 65 67 84 103 109 114 120 131 134 154 164 218 232 235 241 265 267 271 283 294 300 318 319 324 326 365 372 380 395 455 463 472 487 491 493 495
6 7 18 43 47 55 60 64 66 104 105 118 137 140 149 160 162 175 177 195 238 240 292 299 343 345 374 389 391 397 425 427 469 483 490 494
14 23 28 46 47 66 74 91 104 105 125 130 132 175 226 238 244 263 278 285 297 366 389 390 425 432 453 456 462 467 483
12 26 72 89 93 99 111 122 148 155 163 168 173 180 189 192 208 209 223 254 273 290 296 309 339 353 384 405 409 414 419 464 465 497 498
1 3 9 24 30 42 44 57 62 63 70 73 80 85 112 126 166 178 186 187 193 201 203 217 242 257 260 288 295 313 317 320 349 351 360 364 369 392 412 434 446 448 486 496
12 71 72 79 83 93 127 134 148 155 172 173 176 180 192 223 225 232 235 250 254 273 309 337 341 353 375 387 395 405 406 409 411 419 429 463 464 465 495 497
7 40 43 48 53 55 88 90 104 107 118 128 133 137 140 143 149 160 197 206 212 279 282 292 345 362 376 389 396 398 400 401 404 427 459 485 494
27 38 51 71 79 81 83 120 121 134 147 155 169 172 176 179 180 218 223 225 232 235 241 252 254 265 280 291 307 321 324 325 339 348 375 377 387 395 405 411 429 443 463 472 487 495
25 36 52 58 64 65 96 103 114 127 131 136 154 162 184 195 207 216 221 222 250 259 267 293 294 300 302 318 319 326 343 368 380 391 406 420 449 471 490 493
6 18 25 36 52 60 64 95 96 131 154 162 177 184 185 195 207 216 220 221 222 240 259 293 299 302 319 326 335 342 357 374 380 391 397 420 426 449 471 490
39 59 75 78 153 158 170 191 234 236 256 286 289 312 314 332 354 358 363 386 393 394 408 444 473
6 7 18 43 47 48 53 55 60 66 88 104 105 107 118 137 140 143 149 160 175 197 212 238 240 263 278 282 292 299 335 340 362 374 389 397 400 401 425 427 459 469 483 485 494
13 22 32 35 41 77 101 115 117 152 161 231 239 249 268 269 274 287 303 310 322 382 410 422 441 447 450 460 470 474 475 479 481
7 18 20 37 48 59 94 135 139 153 156 162 177 185 207 214 221 222 236 245 266 282 289 293 312 357 367 376 383 391 396 401 420 428 439 468 469 473 490
10 27 38 51 67 71 81 116 120 121 147 169 176 179 218 225 235 241 246 265 280 291 298 307 321 325 341 365 377 387 411 429 443 458 463 472 487 491
24 30 31 45 49 73 80 110 119 126 141 146 159 166 171 187 193 196 200 201 202 217 219 224 242 243 277 313 320 327 330 338 373 385 388 392 402 423 442 446 448 454 457 466 482 484
4 10 34 67 84 108 109 124 271 283 365 372 437 451 455 458 472 491
1 3 8 9 15 19 29 33 42 44 50 57 62 70 76 85 150 166 174 186 188 190 211 227 228 257 260 262 288 295 315 317 329 331 338 360 364 369 407 412 421 433 434 445 446 486 489 496
81 86 87 144 179 246 298 323 361 417 436 461
12 26 72 79 83 93 99 111 148 155 163 165 167 168 172 173 176 180 192 208 209 223 229 254 273 309 337 339 371 375 387 405 409 411 419 435 463 464 465 477 497 498
59 75 158 170 191 234 256 286 314 332 344 358 363 386 393 394 408 444 473
13 17 21 32 45 49 61 77 98 100 110 129 151 171 202 204 213 219 251 276 277 281 305 322 327 370 388 399 403 413 418 423 424 442 450 475 488 499
1 3 15 29 42 62 70 76 112 178 188 190 210 215 260 288 317 329 333 360 369 407 421 430 434 486 489 496
11 18 20 36 37 48 94 135 139 145 156 162 177 184 185 207 214 216 221 222 245 259 266 270 293 343 347 367 391 420 428 439 449 468 469 490 493
40 59 75 90 128 153 158 170 191 234 256 286 289 314 332 344 354 363 383 386 393 394 398 404 408 444 473
2 5 8 50 56 69 97 150 174 211 228 230 233 247 306 315 328 331 431 433 440
1 3 9 15 19 29 33 42 44 57 62 70 76 85 150 186 188 190 210 215 227 228 257 260 288 295 304 315 317 329 331 333 338 351 356 369 407 412 421 430 433 434 486 489 492 496
86 144 179 246 298 352 417 436
7 40 43 48 53 55 59 75 88 90 118 128 133 137 140 143 149 153 158 160 191 197 206 279 282 289 292 332 340 345 363 376 383 386 396 398 401 404 427 428 469 473 494
37 40 48 59 75 90 128 133 143 153 158 170 191 214 234 236 256 282 286 289 312 314 332 344 354 358 362 367 376 383 386 393 394 396 398 401 404 408 428 444 473
5 9 44 50 57 62 63 85 92 166 174 186 193 194 203 211 228 243 257 260 262 290 295 296 320 338 351 384 385 392 412 414 433 445 446 496
4 10 27 34 38 51 67 84 108 109 116 120 134 147 164 218 235 241 265 271 280 283 291 324 334 348 350 377 455 458 472 487 491
6 23 28 46 47 60 66 82 91 104 105 125 130 132 157 175 226 238 261 263 275 299 336 374 389 397 415 425 432 453 456 462 467 483
18 20 37 48 59 94 135 139 145 153 156 162 177 185 207 214 221 222 236 245 266 282 289 293 312 347 357 363 376 383 391 396 401 420 428 439 468 469 473 490
25 52 58 72 93 96 103 106 111 122 127 131 136 154 181 189 195 232 248 250 267 294 302 316 318 319 326 342 379 380 395 406 419 471 500
1 3 15 29 42 44 57 62 70 112 166 178 188 190 201 210 260 288 313 317 338 351 356 360 407 412 421 430 434 486 489 496
13 17 21 32 77 98 100 110 129 142 151 157 171 213 219 231 239 251 264 276 277 281 305 322 327 355 399 403 413 416 418 424 432 442 450 452 462 474 475 480 488
12 26 68 79 99 102 113 138 148 163 165 167 172 173 182 183 192 208 209 223 229 252 253 255 284 308 323 325 353 375 378 409 435 438 465 477 497 498
4 10 11 65 67 84 94 108 109 114 124 135 145 164 207 222 237 270 271 283 300 301 324 334 350 437 451 455 493
24 30 45 49 61 73 80 98 100 110 112 119 126 146 159 187 200 201 202 204 217 219 242 258 313 327 349 388 403 423 448 454 457 482 488 499
6 18 28 36 60 64 66 82 95 132 162 175 177 195 220 238 240 259 261 299 302 335 343 345 366 389 391 397 425 426 453 456 471 478 483
12 26 68 71 79 87 99 113 121 138 148 155 163 165 167 169 172 173 176 180 182 183 192 208 209 223 225 229 252 253 255 284 307 308 321 323 325 339 341 353 371 378 387 409 411 429 435 438 443 465 497
7 20 40 48 55 59 75 90 118 128 133 137 143 149 153 158 160 191 197 206 236 245 256 279 282 286 289 292 332 340 347 362 363 367 383 386 396 398 401 404 427 428 469 473 494
10 27 38 51 67 71 81 116 120 121 147 169 176 179 218 225 235 241 246 265 280 291 298 307 321 325 341 348 365 387 411 429 443 463 472 487 491 495
12 26 68 79 87 99 102 113 138 148 163 165 167 173 182 183 208 209 229 252 253 255 284 308 323 325 371 375 409 435 438
16 25 31 82 95 106 142 181 189 195 199 220 224 248 275 302 311 316 330 368 381 415 426 471 478 500
25 36 52 58 65 72 96 103 114 127 131 134 136 154 164 184 216 232 250 259 267 294 300 302 318 319 324 326 334 342 343 368 395 406 449 471 493 495
16 31 89 92 95 106 122 181 189 199 220 224 243 248 302 311 316 330 379 402 426 466 478 484 500
21 32 41 77 101 117 249 269 287 303 310 322 346 410 422 460 470
7 40 48 59 75 90 128 133 143 153 158 160 191 197 206 236 256 279 282 286 289 312 314 332 347 358 362 363 367 376 386 393 396 398 401 404 427 428 469 473
2 5 9 26 50 63 85 89 92 97 111 168 174 194 203 211 257 262 290 296 309 337 364 385 414 431 433 445 477 498
9 16 24 31 63 85 89 92 106 126 141 146 159 166 186 193 194 199 203 243 248 257 262 295 311 320 330 349 364 384 392 402 445 446 466 500
40 59 75 90 128 133 143 153 158 191 206 256 279 282 286 289 314 332 344 354 358 362 363 376 383 393 396 398 404 473
12 27 71 79 81 83 120 121 147 148 155 169 172 173 176 180 218 223 225 232 235 241 252 254 265 273 307 321 325 339 341 348 353 375 377 395 405 409 411 419 429 443 463 487 495
17 21 24 30 45 49 61 73 80 98 100 110 119 126 141 146 159 171 187 196 200 201 202 204 217 219 242 251 258 277 313 327 349 355 373 403 423 442 448 454 457 466 482 488 499
6 7 18 23 43 46 47 53 55 60 66 88 91 104 105 107 118 137 140 149 160 175 212 226 238 240 263 278 292 299 335 336 340 345 366 374 397 400 425 427 459 467 483 485 494
14 22 23 46 54 74 91 115 123 152 161 226 231 239 244 264 272 274 285 297 336 399 432 441 447 450 452 462 467 474 476 479
18 20 36 64 131 139 154 162 177 184 185 195 207 216 221 222 240 245 259 270 293 319 335 342 343 347 357 367 374 420 439 449 468 469 471 490 493
9 24 42 44 57 62 63 73 85 92 119 126 141 146 159 166 186 187 193 194 196 199 201 203 217 242 243 257 260 262 295 313 320 338 349 364 385 402 412 445 446 466 482 496
40 59 75 90 128 153 158 170 191 234 256 286 289 314 332 344 354 358 363 383 386 394 398 404 473
39 78 153 158 170 191 234 236 256 286 312 314 332 344 354 358 363 393 408 444 473
52 58 72 83 93 96 103 127 131 134 136 155 172 176 180 223 225 232 235 241 250 254 267 273 294 300 318 319 324 326 334 339 341 368 380 387 405 406 411 419 463 495
7 20 40 43 48 53 55 59 75 90 118 128 133 137 140 143 149 153 158 160 191 197 206 245 256 279 282 286 289 292 332 340 347 362 363 367 376 383 386 398 401 404 427 428 469 473 494
6 7 18 43 47 55 60 64 66 88 104 105 118 137 140 149 160 175 177 238 240 263 292 299 335 343 345 366 374 389 425 427 469 483 490 494
7 40 48 59 75 90 118 128 133 143 153 158 160 191 197 206 256 279 282 286 289 332 340 358 362 363 376 383 386 393 396 401 404 427 428 473
13 14 32 115 125 129 130 142 151 152 157 171 213 231 239 251 264 274 275 276 277 281 305 310 322 355 370 390 413 416 418 424 432 442 447 450 452 462 474 475 480
7 43 47 53 55 88 104 105 107 118 137 140 143 149 160 197 206 212 263 278 279 285 292 340 345 389 425 427 459 483 485 494
7 18 20 40 43 48 53 55 59 75 88 90 118 128 133 137 140 143 149 153 160 177 185 197 206 245 279 282 289 292 340 345 347 362 363 367 376 383 396 398 404 427 428 469 490 494
16 24 31 45 49 63 73 92 110 119 126 141 146 159 187 193 196 199 200 202 203 219 224 242 243 311 320 327 330 349 381 385 392 423 446 454 466 482 484
13 17 21 32 45 49 61 77 98 100 110 119 129 151 171 200 202 204 213 219 251 258 276 277 281 305 327 355 370 373 388 413 416 418 423 424 442 454 475 482 488 499
7 40 48 53 55 59 75 90 118 128 133 143 153 158 160 191 197 206 256 279 282 286 289 292 332 340 358 362 363 376 383 386 393 396 398 401 427 473
12 71 72 83 93 127 134 148 155 172 173 176 180 192 223 225 232 235 250 254 273 318 337 339 341 353 387 395 406 409 411 419 429 463 464 465 495
25 52 58 72 83 93 96 103 106 111 122 127 131 134 136 154 181 189 232 250 254 267 273 294 300 302 318 319 326 339 342 368 380 395 405 419 471 495
1 3 15 19 29 33 42 56 62 70 76 188 190 205 215 227 228 260 288 304 306 315 329 331 333 351 356 360 369 412 421 430 434 489 492
37 39 59 78 153 158 170 191 214 234 236 256 266 286 289 301 312 314 332 344 354 358 363 394 428 444 473
12 26 79 83 93 99 113 148 155 163 165 167 172 173 176 180 183 192 208 209 223 229 252 253 254 273 308 309 337 339 353 371 375 378 387 405 411 419 429 435 463 464 465 477 497 498
13 17 21 32 41 77 101 117 239 249 269 281 287 303 310 322 346 382 418 422 447 460 470 475
12 27 71 72 79 83 93 120 121 134 148 155 169 172 173 176 180 218 223 225 232 235 241 254 265 273 307 321 325 339 341 348 353 375 377 387 395 405 409 419 429 443 463 465 487 495
1 3 8 9 15 19 29 33 42 44 50 57 62 70 76 85 150 166 174 186 188 190 211 227 228 257 260 262 288 295 315 317 329 331 338 351 360 364 369 392 407 421 433 434 445 446 486 489 496
13 31 82 110 119 125 129 130 141 142 151 157 159 171 196 202 213 219 224 231 251 261 275 276 277 281 305 327 330 355 370 399 403 415 416 418 423 424 432 442 450 454 462 466 480 482 484
2 5 26 50 69 89 97 99 111 168 174 192 194 208 209 211 262 290 296 309 337 364 384 431 445 464 465 477 497 498
6 28 82 95 125 129 130 132 142 157 175 181 220 224 261 275 305 366 379 413 416 424 426 432 453 456 462 478 480 484
13 31 82 110 119 125 129 130 132 141 142 151 157 159 171 196 202 213 219 224 251 261 275 276 277 305 327 330 370 399 403 413 415 418 424 432 442 450 454 462 466 480 482 484
86 144 246 298 352 361 436 461
13 17 21 32 77 98 100 110 129 151 157 171 213 219 231 239 251 264 276 277 281 305 322 327 355 370 399 403 410 413 416 424 432 442 450 452 474 475 488
12 72 83 93 99 111 122 127 136 148 155 172 173 176 180 189 192 223 232 250 254 273 309 337 339 353 368 387 395 405 406 409 411 463 464 465 495 497
11 18 20 36 64 65 103 131 135 139 154 156 162 177 184 185 207 216 221 222 245 259 267 270 293 294 319 326 342 343 347 357 367 391 439 449 468 471 490 493
1 3 8 15 19 29 33 42 44 56 57 62 70 76 150 186 188 190 215 227 228 257 260 288 295 304 306 315 329 331 333 351 356 360 369 407 412 430 433 434 486 489 492 496
32 35 41 101 117 161 239 249 268 269 274 287 303 310 322 346 382 410 447 460 470 474 475 479 481
24 30 31 45 49 61 73 80 110 119 126 129 141 146 151 159 171 187 196 200 201 202 204 217 219 224 242 251 258 277 305 313 327 330 349 355 373 388 402 403 413 442 448 454 457 466 482 484 488 499
13 17 21 110 129 142 151 157 171 202 213 219 231 251 264 275 276 277 281 305 322 327 355 370 399 403 413 415 416 418 432 442 450 452 454 462 475 480 484 488
6 23 43 46 47 53 55 60 66 88 91 104 105 107 118 137 140 149 160 175 212 226 238 240 263 278 292 299 335 336 345 366 374 389 397 400 427 459 467 483 485 494
6 25 28 60 64 82 95 132 181 195 220 261 275 302 316 343 374 379 381 415 453 456 471 478
7 18 40 43 48 53 55 88 90 104 118 128 133 137 140 143 149 160 177 197 206 212 238 240 279 282 292 299 335 340 345 362 376 383 389 396 397 398 400 401 404 425 459 469 483 494
20 37 48 59 75 78 94 135 139 145 153 156 158 185 191 214 236 245 256 266 282 286 289 293 301 312 314 332 347 357 362 363 367 376 383 396 398 401 408 439 444 468 469 473 490
12 27 51 71 79 81 83 87 120 121 144 147 148 155 169 172 173 176 179 180 218 223 225 235 252 254 255 265 298 307 321 325 339 341 348 375 377 387 405 409 411 443 463 487
15 19 29 70 76 188 190 205 210 215 288 304 329 333 356 360 369 407 421 434 489 492
2 5 8 33 50 56 69 97 150 168 174 211 227 228 230 233 247 262 306 315 328 331 359 384 414 433 440 477
13 14 23 28 46 74 115 125 129 130 132 142 151 152 157 213 226 231 239 261 264 274 275 276 305 322 336 366 370 390 399 413 415 416 418 424 450 452 453 456 462 467 474 475 480
2 3 5 8 9 15 19 29 33 44 50 56 57 62 76 85 150 174 186 188 194 211 227 228 230 247 257 260 262 295 306 315 328 329 331 351 359 360 364 384 412 421 431 440 445
1 3 15 29 42 44 57 62 70 76 112 166 178 186 188 190 201 210 228 260 288 295 313 317 329 338 351 356 360 369 407 412 421 430 486 489 496
12 26 68 79 99 102 113 138 148 163 165 167 172 173 182 183 192 208 209 223 229 252 253 255 284 308 323 325 353 371 375 378 409 438 443 465 477 497 498
81 86 144 179 246 298 352 361 417
11 94 108 109 124 135 145 156 198 237 266 270 301 350 372 451
68 79 87 113 138 165 167 182 183 252 253 255 284 308 323 325 371 375 378 435 443 461
11 20 37 94 135 139 145 156 177 184 185 207 214 216 221 222 236 237 245 266 270 293 301 312 347 357 367 391 420 428 449 468 469 490 493
2 5 8 50 56 69 97 150 174 211 227 230 233 247 306 315 328 331 359 431 433
14 22 35 54 74 115 123 152 161 239 244 264 268 272 274 297 310 346 390 447 452 467 470 474 476 479
13 17 21 32 45 49 61 73 77 98 100 110 119 129 141 142 146 151 159 171 196 200 202 204 213 219 251 276 277 281 305 327 330 349 355 370 388 399 403 413 416 418 423 424 450 454 466 475 480 482 484 488
27 71 79 81 87 120 121 138 144 165 169 172 176 179 182 223 225 252 253 255 284 298 307 321 323 325 341 348 375 377 387 411 429 435 438 461
37 39 78 153 158 170 191 214 234 236 256 266 286 289 312 314 332 344 354 358 363 394 408 428 473
5 9 44 50 57 62 63 85 92 168 174 186 193 194 203 211 228 243 257 262 290 295 296 320 351 364 384 385 392 412 414 433 446
9 24 42 44 57 62 63 85 92 126 141 146 159 166 186 187 193 194 201 203 242 243 257 260 262 295 313 320 338 349 351 364 385 392 402 412 445 496
13 14 22 35 41 54 74 101 115 117 123 152 161 231 239 244 249 264 268 269 272 274 287 303 310 322 346 390 399 410 422 441 450 452 460 470 474 475 479
24 30 45 49 61 73 80 110 112 119 126 146 166 178 187 200 201 202 204 217 242 258 313 317 327 338 349 373 388 423 457 482 499
18 20 25 36 52 58 64 65 96 103 131 139 154 162 177 184 185 195 207 216 221 222 259 267 270 293 294 300 302 319 326 342 343 357 380 391 420 439 468 471 490 493
13 14 21 32 77 115 129 151 152 157 171 213 231 239 251 264 274 276 277 281 305 310 322 346 355 370 390 399 413 416 418 424 432 442 447 452 462 474 475 480
4 10 11 34 84 94 108 109 124 145 198 237 270 271 283 301 350 372 437 455
13 14 23 54 74 115 125 130 152 157 161 213 226 231 239 244 264 272 274 276 297 310 322 370 390 399 418 424 432 441 447 450 462 467 470 474 475
6 23 28 60 66 82 91 95 125 130 132 142 157 175 220 226 238 261 275 336 366 374 415 426 432 456 462 478 480 483
16 24 31 45 49 73 110 119 126 129 141 142 146 151 159 171 187 193 196 199 200 202 219 224 242 243 251 277 305 320 327 330 349 373 388 402 403 413 416 423 424 442 466 482 484
4 10 34 38 65 67 84 108 109 114 120 124 134 147 164 218 235 241 265 271 280 283 291 300 324 334 350 365 372 451 458 472 487 491 493
6 23 28 60 66 82 95 125 130 132 142 157 175 195 220 226 238 261 275 336 366 374 415 426 432 453 462 478 480
24 30 45 49 61 73 80 110 112 119 126 166 178 187 200 201 202 204 217 242 258 313 317 327 349 373 388 423 448 482 499
4 10 34 38 51 67 84 108 109 116 120 147 218 241 265 280 291 348 350 365 455 472 487 491
7 43 47 53 55 88 104 105 107 118 137 140 143 149 160 197 206 212 263 278 279 285 292 340 345 389 400 425 427 483 485 494
13 17 21 32 41 77 101 117 239 249 269 281 287 303 310 322 346 382 410 422 447 470 475
81 87 138 144 169 179 182 252 255 298 321 323 325 352 417 438 443
13 14 23 28 46 66 82 125 129 130 132 142 151 157 175 213 226 231 261 264 275 276 305 336 366 370 390 399 413 415 416 424 432 450 452 453 456 467 474 475 480
12 27 71 72 79 83 93 120 121 134 155 169 172 173 176 180 218 223 225 232 235 241 250 254 265 273 307 318 321 324 334 339 341 348 353 377 387 395 405 409 411 419 429 465 487 495
12 26 72 83 89 93 99 111 122 148 155 163 167 168 172 173 180 189 192 208 209 223 254 273 290 296 309 337 339 353 405 409 414 419 465 477 497 498
12 26 72 79 83 93 99 111 148 155 163 167 168 172 173 176 180 192 208 209 223 229 254 273 290 296 309 337 339 353 371 375 405 409 411 414 419 435 463 464 477 497 498
16 24 31 45 49 73 92 110 119 126 129 141 142 146 159 171 193 196 199 200 202 219 224 242 243 277 305 311 320 327 330 349 381 385 388 392 402 413 416 423 442 454 482 484
14 23 46 47 54 66 74 91 104 105 115 125 130 152 175 226 244 263 264 272 278 285 297 336 366 389 390 425 432 441 452 462 476
11 20 37 94 135 139 145 156 162 177 184 185 207 214 216 221 222 236 237 245 266 270 293 301 312 347 357 367 391 420 428 439 449 469 490 493
7 18 20 43 48 55 59 118 137 139 140 143 149 153 160 177 185 214 222 240 245 282 289 292 293 299 335 345 347 357 362 367 376 383 391 396 397 401 427 428 439 468 490 494
13 22 32 35 41 101 115 117 152 161 231 239 249 268 269 272 274 287 303 310 322 346 382 410 422 441 447 452 460 474 475 479 481
25 36 52 58 64 95 96 127 131 136 154 162 181 184 195 216 220 250 259 302 319 326 342 343 368 374 379 380 391 406 420 426 449 478
4 10 27 34 38 51 67 84 108 109 116 120 134 147 218 235 241 265 280 291 324 334 341 348 350 365 377 455 458 487 491
37 39 48 59 75 78 128 153 158 170 191 214 234 236 245 256 266 282 286 289 312 314 332 344 347 354 358 362 363 367 376 383 386 393 394 396 398 404 408 428 444
13 14 22 54 74 115 123 152 161 231 239 244 249 264 272 274 276 303 310 322 346 370 390 399 418 422 432 441 447 450 452 462 470 475 479
13 17 21 32 77 100 115 117 151 171 213 231 239 251 264 274 276 277 281 303 305 310 322 346 355 370 399 403 410 418 422 424 432 442 447 450 452 460 462 470 474
14 22 35 54 74 115 123 152 161 244 272 274 285 297 390 441 467 479
5 12 26 69 97 99 102 113 148 163 167 168 173 183 192 208 209 211 229 233 290 296 308 309 328 353 371 384 409 414 431 435 464 465 497 498
6 28 60 64 82 95 125 130 132 142 157 175 181 195 220 261 275 302 374 379 381 415 426 453 456 471 480
14 22 35 54 74 101 115 117 123 152 161 239 244 249 268 269 272 274 287 303 310 322 346 390 422 441 447 470 474 476 481
28 31 82 125 129 130 132 142 151 157 171 213 224 261 275 276 277 305 330 370 399 413 415 416 424 432 442 450 453 456 462 478 484
35 41 101 117 249 268 269 287 303 346 422 470 479
24 30 31 45 49 73 80 110 119 126 129 141 146 159 171 187 193 196 199 200 201 202 217 219 224 242 243 277 305 313 320 327 330 349 373 388 392 402 403 413 416 423 442 448 454 457 466 484
6 18 23 28 43 46 47 53 55 60 66 88 91 104 105 118 137 140 149 160 175 226 238 240 263 278 292 299 335 336 345 366 374 389 397 400 425 427 453 459 494
16 24 31 45 49 73 110 119 126 129 141 142 146 151 159 171 193 196 199 202 219 224 243 275 277 305 311 327 330 349 381 402 413 415 416 423 424 442 454 466 480 482
43 47 53 55 88 91 104 105 107 118 137 140 160 197 212 263 278 285 292 340 345 389 400 425 459
1 3 15 30 42 44 57 62 70 80 112 166 178 186 187 190 201 210 217 260 288 295 313 317 338 351 356 360 369 412 421 434 489 496
4 10 27 34 38 51 67 71 81 84 116 120 121 134 147 169 176 218 225 235 241 265 280 291 307 324 334 341 348 365 377 387 411 429 455 458 463 472 491 495
17 21 32 45 49 61 77 98 100 110 151 171 200 202 204 213 219 251 258 277 281 305 327 355 370 373 388 403 418 423 424 442 499
1 3 15 19 29 33 42 44 56 57 62 70 76 188 190 205 210 215 227 228 260 288 304 315 329 331 333 351 356 360 369 407 412 421 430 434 486 492 496
18 20 36 48 64 135 139 156 162 177 184 185 207 214 216 221 222 240 245 259 293 299 335 342 343 347 357 367 391 397 401 420 428 439 449 468 469 494
4 10 27 34 38 51 67 84 108 109 116 120 147 164 218 235 241 265 271 280 283 291 324 334 348 350 365 377 455 458 472 487
15 19 29 33 56 76 188 190 205 215 227 304 306 315 329 331 333 360 407 421 430 489
11 36 52 65 84 103 114 124 131 134 135 154 162 164 184 207 216 221 222 259 267 270 271 283 293 294 300 318 319 324 326 334 342 357 372 380 391 420 439 449 455 468
7 18 43 47 48 53 55 88 104 118 133 137 140 143 149 160 177 197 206 212 238 240 279 282 292 299 335 340 345 362 376 389 396 397 400 401 425 427 459 469 483 490
27 52 58 65 71 72 83 93 96 103 114 120 127 131 134 136 155 164 172 176 180 218 225 232 235 241 250 254 265 267 273 294 300 318 319 324 326 334 339 341 377 380 387 395 405 406 411 419 463 487
1 3 9 15 30 42 44 57 62 70 80 85 112 166 178 186 187 190 201 210 217 228 242 257 260 288 295 313 317 338 351 356 360 364 369 392 412 421 434 446 486 489
5 12 26 69 79 93 99 102 113 148 155 163 165 167 168 172 173 180 183 192 208 209 223 229 253 254 273 290 296 308 309 337 339 353 371 375 409 414 419 435 464 465 477 498
5 12 26 69 97 99 102 113 148 163 165 167 168 173 183 192 208 209 229 233 290 296 308 309 337 353 371 384 409 414 435 464 465 477 497
17 21 30 45 49 61 73 80 98 100 110 200 204 219 251 258 327 355 373 388 403 423 448 457 488
16 31 89 92 106 111 122 127 181 189 199 203 224 243 248 311 316 368 379 381 385
