500 1196
95 114 332 493
48 325 343 373
144 272 360
52 133 285 398
380 387
38 113 174 205 232 466
220 286 372 410
176 222
38 136 166 364 465 486
61 85 93 162
96 218 348 439 446 479
136 386 447
182 485 488
115 329
109 112 127 297 341 376 400
319 320 397
88 107 179 235 417 424 432 495
78
72 87 125 206 222 333 459
177
43 279 412
49 81 96 376
49 241 243 283 363
174 411 434 444 491
53 157 417 492 495
86 195 216 260 390 481 494
136 149 167 332 446 481 492
48 219 375 405 420 453
138 170 321 411 427 469 484
39 259 446
41 104 121 266 297 486 490
91 112 143
129 480
61 133 264 285 396 403
474
258 309 403
80 186 209 258 292 393 408 447
6 9 41 81 108 207 336
30 122 499
52 54 113 190 227 364
31 38 51 85 345
95 136 232 235 290
21 239 376 384
121 204 314 391 392
58 171 258 282
124 152 203 379
238 256 438 451 466 471
2 28 191 374 376 467
22 23 93 188 194 239 328 340 382
154 179 213 246 303 397
41 91 347 377
4 40 178
25 144
40 177 233 313 335 435 452
247 288 462 497
106 146 162 169 250 261 364 412
79 252
45 143 181 190 463
137 143 159 172 208 312 363 367 369 443 451
126 188 224 294 388 394 498
10 34 81 82 105 146 176 350 380 415 420 476
86 110 170 351 483
96 113 349 427
122 306 312 319 396 450
77 141 252 280 372
221 262 288
154 179 196 296 370 443
175 370 497
121 154 168 341 457
393
102 225 226 267
19 97 230 362 456
74 104 137 454
73 92 133 249 275 406 427 440
120 152 290 488
286 461
65 106
18 320 369 428 433
57 143 278 419 433 477
37 143 390
22 38 61 302 434 450 462
61 119 189 397 463
87 168 334
98 109 177 185 436 465 497
10 41 254 282 450
26 62 102 245 260
19 83 125 238 255 264
17 133 195 370 379
318 319 457
101 163 164 289
32 51 94 145
74 116 188 199 236 282 319
10 49 138 225
91 239 251 410 414
1 42 256 389 479
11 22 63 127 260 426
72 98 311 401
84 97 234 315
141 162 199 301 434 444
252 323 490
90 185 196
71 86 121 239 280 473
229 253 261 321 370 385 461
31 73 380 456 484
61 218 236 352
56 77
17 462 465 481 494
38 380
15 84 145 176 182 293 309 360 383 451
62 174 205 395 418 435
170 231 341 358
15 32 390
6 40 63 161 267 485
1 166 326 498
14 209 428 433 436 470 486
92 380
120 139 187 452 483 488
128 324 397 425
82 137 145 323 400 475 492
75 117 168 302 324 333 397 482
31 44 69 102 148 208 319 328
39 64 473
256 339
46 206 236 278 293 351 461
19 87 484
60 370 460
15 96 336
118 360
33 256 391 393 472
236 285 303 427
200
302 309 424
4 34 74 88 228 254 302 339
165 394 483
282 291 304 320 395 474
9 12 27 42 343 349 393 494
59 73 119 156 161 351
29 93 261 266 470 473 480
117 145 154 246 262 288 381
343 415
65 99 185 225 418 448
157 347 421
32 58 59 79 80 333 343 438
3 53 190 231 255 450
91 109 119 139 150 389 398 417 477
56 61 213 393
273 335 381
121 159 175 178 186 226 270 274 358
27 195 253 340 367 391
145 188 225
327 392 500
46 75 162 241 461
233 335 401 418
50 67 69 139 221 315 318 443 444
283 356 444 482
137 224 328 393 441 461
25 142 218 224 337 375
315 415 417
59 148 187 351 398 419

113 137 384
10 56 99 152 213 214 232 415
90 349
90 329
134 175 355 363 401 414
9 114 317 344 417
27 329 415 419
69 83 120 436
56 172 292 413 426
29 62 111 408
45 219 240
59 169 195 293
297 359 394 460
6 24 110 214 363 457
68 148 165 246 247 313 356 379 401
8 61 109 227 260 279 361 411
20 54 84 185 328 413 483
52 148 199 292 378
17 50 67 193 307 348 456 478 492
294 324 336 366 396
58 343 381
13 109 290
245 282 332 369
409 457
84 101 141 177 246 353 451
37 148 323 349 494
117 159 250 481
49 60 92 150
82 221
40 58 144 252 459
48 227 357 446
193 374
179 192 206 211 324 399 447
49 203 235 241 271 305
26 88 149 172
67 101 248 297 374 492
212 233 298 352 406
311 477
92 99 178 356
131 267 407 430
226
233 424 443
46 194 281 496
44 254 306 344 353 490
6 110 320 497
19 124 193 208 249 315 344 416 498
38 332 372 488
59 121 206 262 340 355 366 408 438 465
37 115 330
238 300 314 373 466
193 392
197
50 146 162 370 403 412
162 174 282
268 413 444 492
26 296 314 485

11 105 157 294 343 347 386 486
28 171 333
7
66 154 189 276 317 439
8 19 243 277 305 358 388

60 156 157 259 334
71 93 141 150 304 352
71 148 201 275 350 484
40 176 191 334 386
133 326
103 359 447 465
72 377 392 439
111 144 289 437
6 42 162 240 387 489
54 153 197 202 245 346
98 401 486
17 42 194 295 360 394
92 105 124 130 295 312 435 471
335 386 387 485
47 87 210 261 355 429 436
43 49 94 102 386 412
171 232 255 345
23 152 194 391 456
291
23 222 266 292
334
86 183 233 365 382
50 139 175 185 286 339 495 497
55 175 318 496
196 313 499
74 206 335 433 473
56 187 284 405
94 264 318 365 370 380 399
57 65 100 190 268
103 149 477 486
85 133 204 255 283 399 472 474
87 144 240 254 287 426 466
47 95 123 129 284 426
392 425 432 478
36 37 45 285 496
30 224
26 86 96 176 402 499
56 103 138 238 383 493
66 139 208 316
281 359
34 87 251
359 370 436 442
31 138 243 293 437
71 113 200 341 401
215 252 320 391
358
148 391
194
3 308 444 450
147 359 380
148 323
74 226 374
221 298 319
222 500
79 124
21 176 423 450 462
65 102 304 360 386 480
203 263 300 355 425
45 85 92 135 183 214 330 393
23 155 254 363
250 256 303
4 34 130 258
7 76 246 322 383 400 495
255 364 417 450 452
55 66 139 384
90 231 319 325 352 361 470
42 75 182 427 488
135 242 387
37 169 178 243 337 378 416
109 124 172 266 401
60 180 218 316 393 411
235 236 404 407 443 445
67 216
15 31 173 196 339 480
197 276 346 399
308 355
210 281 309
99 371 447 499
81 120 132 133 335 425
50 130 284 332 371 438 441 500
135 225 280 482
194 222 409
64 204 499
179 350 360
272 299 452 484
36 109 132 300 348 419 441
380
97 198 368 434
59 64 236 426 473
54 175 248 389 486
44 210 216 331 370 491
98 154 158 206 465
262 294 318 379 387 438
166 221 318 464
89 154 247 251 316 317 415 429 448 460 466 481 484
16 64 89 92 121 276 289
16 78 135 205 268 376 396 437 485
29 103
286 332 440 451
100 119 186 274
118 120 180 193 416
2 289 340 471
114 228
151 470
49 121 156 177 345 389 418 448
14 164 167 395
209 282 401 448
314
1 27 183 207 303 322 386
19 120 143 219 347
83 224 227 244 366 399
54 147 153 237 249 302 346
38 127 180 470
157 292 347 467
401 402 443
123 133 246 297
49 149 208 325 374 430 484
15 69 111 267 351
385 473
2 136 140 143 181 218 430 497
166 204 206 371 380 382
41 240 328 348
233 298 335 367 454
51 142 218 333 337 368 373 406
11 179 309 345 400 435
63 136 163 186 382
61 226 307 408
62 124 137 159 341 409 416 445 485
105 197 225 289 455 471 477
185 204 451
390 436
165 208 238 281 299 493 494
155 175 199 487
191 469
111 148 222 269 479
173 229 263 265 273 382 390
3 109 128 235 280 307 361 388 450
176 289 360 402 417 452
72 376 418
23 59 165 174 283 381 450
9 40 56 287 441 468
245 251 439 468 483
180 208 334 412
59 149 346
311 347 393 404
59 78 183
67 68 88 103 126 213 251 265 314 459
301 303 344
7 65 207 386 456 471
2 210 347 423 460
48 192 196 275 340 398 470
28 157
15 22 43 48 320 362
51 230 478
178 292
46 88 175 316 404 462 467
5 61 104 108 116 251 273 310 344 426 432
139 147 181 363 389 459 492
49 245 344 349 359 396 422
109 261 286
43 161 288 398 443
103 342
12 218 227 237 239 280 332 372 388
5 232 237 291 316 477
60 222 360 386 430 472
95 145 313 328 381
26 80 112 354 359
44 129 149 241 268 270
44 151 211 230 257
37 70 129 136 146 156 282 294 368 401 476
60 134 173 235 420 460 481 483
110 135 329 415 438
34 64 180 320 382 449
16 50 82 118 120
4 145 159 374 384 422 424 485
193 251 254 298 334 415
15 119 286 348
97 153 165 175 234 267 293 330 338 393
260 338 361 460
34 36 213 444
295 368 379
28 250
74 197 347
200 295 430 460
37 170 208 350 490
184 305 351 428 434
7 94
24 29 176 294 487
21 56 213 239 366 469
169 177 215 422
94 165 460 465
61 140 158 162 167 318 395 399
206 292 324 351 427 463
17 25 145 158 166 287 361 468
110 141 153 328 362 465
79 159 167 309 458
28 61 394
142
382 398 413
279 373
17 132 202 398 438 441
118 257 281 302
96 169 255 256 312 380
29 63 74 130 290 416 466 471
78 115 409
238 318
200 340 343 388 407 438

17 257 380
78 79 115 249 447
24 81 99 311 409
54 110 236 348
84 115 168 238 265 354 462
231 266 320
47 143 208 303 316 395 424 430 497
11 221 230 365 461
74 322 452
156 303 309 364 424 454 473
265
59 67 154 202 295 338 384
24 99 154 155 215 272 403
295 351 474
11 27 30 191
12 37 193 229 301 433
141 318 328 330 462
396 476
64 81 85 144 272 279 287 360 363
47 59 109 185 322 353
54 117 287 308 361 440 464 482
28
73 346 441 493
352
72 104 179 241 372
69 89 174 184
419 469 491
19 190 370 381 464
126 173 318 373 394 402 407 414
76 103 124 152 156 439
55 81 107 279 379 436 448
58 82 416
317 452 459 499
9 84 107 208 229 315 414 418 489
6 47 210 255 318 427
48 337 379
364 365 417 488 494
29 357 412 458 476
115 138 289 327 336 374
47 236 325 352 372 427
129 254 388
102 122 138 249 312 342 441 485
35 135 254 445
119
61 393 449 469
79 145 198 253 352 387
179 257 377
11 95 358
33 138 280 297
26 27 107 187 318 394
120 155 304 452
62 117 134 177 365 394
29 104 125 226 308 318 340
13 113 216 237 320 351 398 473
9 31 115 218 234 253 313
356 411
13 75 117 207 290 468
232 465
31 100 204 408
24 314 458 498
25 27 119 179 196 215 381
1 261 355 454
26 107 136 186 355 468
17 25 246 286
203 247 258
55 68 84 205 246 343 438
60 114 206 491
39 248 260 301 306 464
151 277 303
