1000 1272
851 878
68 293 999
7 90 575 904 967
388 664
131
73 455
3 220 257 501 863
129 702
931
141 201
34 131 478 587 977 992
170 177 366
382 400

562
761
440 642 966
19 106 600 965
18 195
524
160 503 975
561 915
199 372 379 688
570
263 332 423 952

755 996
75 389 794
400 470 503 780
38 161 189 232 663 985
479 992
734
671
11 56 86 257 361
319 322 738 877
566 570 723
424
30 288 365 990
599 717
758 818
123 427 633 651
103
394
375 584 651
643 731
112 722 836
254 346
185 276 542 889 938
979 999
231 827 865 962
754
179
447
65 342 578 902
275 438 469 493 551 644 924 933
34 63 304 350 725 923
207 315
85 219 316

856 893
241 335 349 581 807
229 569
56
102 335 958
54 256 275 354 844


2 108 114 303 690 746
128 377 856 955 998
448 452
937
465 566 766 847
6 324 635

28
439
391 806 909
345 379 642
194
611 779 806 905
915 999

949
736
58 697
34 539 579 738 956
383

699 768
3
463
325
669 946
202
168 319 750 853
154 249
800 849
125
249
377 842 995
223 537 770 907
64 164 601 629
42 192 257 587 719 970
708
748 770
18
624 653
68 193 964
199 440 481 489 813
783 852
151 804
46 159 946
532
68 552
550 765 815 904
197 613
158 910
384 640
530

159 404 591
623
41
284
98 228 908
273 294
656 746
69 310 526 578 741
8 355
447 872
5 11
279 661 963
779
428 712
140 919 937
256 302
168 630 910
243
193
135
10 310 602 770 931
217 923
440 747 848 970
801
149 216 369
367 525 583
236 463 485
229 805 856
145 396 402
353 816
111 251 695 850
323
270
96 365 538 728

865
263 393 589 795
117 498 544 970
112 121
21 236 661
30 696

366 963
102 815
401
380 529
189 364 830
95 137 255 760
460
12 291 320 708
511 518 732

308 681 828 951
504 901
564

12 390 410
323 907 967
52 217 983 996
443 524 700
434 735


594 729 765 855 998
48 212 761 765 958
464 474 481

416 988
30 167 312 822 994
653 727
880
103 285 780
108 139 222 456 587 740 791
79 342 665
19
415 827
116 933
334 830 879
23 109 832
467 792
10 487 571 700
94 340 670 956

364
612
423 876 913
57 686 837
521 615 730
903
369 535 773
651
185 402 613
404
573 578
283 569
145
142 179 266 430 447 772
331 960 990
58 685 943
7

193
101 266 638 678 974
597 646
671 831
630 847
759
125 991
62 148 593 752 948

50 290 576 978
30 805 933
500
441
484 620 665 781
147 160 304 944
889 989
788 906
528 649 921
256 517
61 242 404 465 881
241
138
408 433 575 728
752
792
395 433
323 551
96 99 600
332 461
151 557
404 537
598 707
47 306 790
168 531 661 926
65 136 240 700 979
7 34 103 520

380 471 826 864
710
978
540
25 157 653

328 920 999
217 223 832 959
897

564 910
153 328 794
275 276 423 990
495 711 902
126 776
338
55 65 271 824 883
48 271 547
735
420 540
132 394
452 683 842 868
362 542 950
523 735
215
124
192 724
817
883
38 869
807 936
231 380
170 750 775 893
658
2 530 588 646 647 776
126
384 540
584 998
559 675
612
435 778
514 558
449 538 720
136 429 677
68 381 665
56 236
695 808
254 770
748
173 529 558 640
640
128 141 356 524 669 985
682
189
701
718
57 474 636
58 781 928
513 625

35 95 371 762
170 594 921
507 727
35 474 888
152 178 248 377 659
73 406 569 578
92 831 932
588 801 827 863

265 270 504

423
218 336 428 810
25 250 485 905
338 357 939 958
198 567
61 64 529 595
331
722 796 874
274 333 429 512 823 833
742 916
202 701
488
54 194

347 478
78 591 660
47
344 595 850
582 725
61 427
56 516
400 606
928
150 999
65 620 646 657 760
129
310 811
333 510 545 789 825
969
787

34 834
281

167 204
38 154 668 753 797
12 163 375 528 664 941
146 709 949
563
145 210 785

319 396
23
386 491
491 871
44 366 506 945
420 567 605
69 100 323 422 445 624
498 696 733 888
23 78 682 906
166 259 290 420 991
303 989
13 836
87 676 836
118 295 968
774 844
373 423 453
475 586
4
28 716 948
177 530 910 981
77 606 892
856
157
43 279 714
247 991
149 371 398 946
711 887 949
396
418
13 29 351 621 841
165 901 990
149 212 783 852
407 661
121 213 241 252 901 910
852 930
324 480 900
403 730 853
244 492 559 600
761
177 696 913

696
436 514
500 532 950
196 501 635 872
188 467 668
437
399
428 520
278 376 380 756 852 924
957
377 505 643 827 908
25 206 271 330 386
37 483 759 964 971
574 584

41 349 620
134 331 419 517 618
302 338
217 574
516
662
244 247 500 579 859
181 841 940
299
413
417 620 982
55 472 653 796
76 523
17 109 143
234 789
789
180 596 835
647 651
377 831 939
574 803
53 130 217 857
70 550 634
301 487 782 912
493 728
768 899 998
70 280 557 712
386 708 826
907
6 714
193 789
770 791
511 560 642 924

169 507 717
250 711 718 885
761 878
91 147 542 585 705
186
72 241 473
859
200 416
844
55 531 546
29
259
438 537 678
465 656 959
186 315 322 542 572 668
387
748 903

11 344 604
31
406
109 186 554 587 748

424 677
235
147 332 967

201 449
341 802
109 519

373 374 565 927
408 690
55 450 893
757 879
272 641 793 905
611 675 754 881

158 378
925
233 414 433
7 415 524 825
709
21 29 593 671 813
174 328 685
422 827
375 710 977
321 460 590 748 754 803

606
357 955
171 458 598 635
338 714
317 631 779
300 413 676 788
572
350 431 879
240 428 1000
171
489 708 808
257 419 789
208
530 696 934
282 439
20 180 310 501 833 844
146 905
128
781
239 366 619 827
166 308 335 604 639 837 975
119 293 390 522
255 469
113 414 780 941
669
668 858 904
210 809 990
617
101 252 472
154 301
86 645
262 278 295
756 785 874 986
48 281 463 474 564 620 743
619 639
158 570 700
357
469 815 859
276
863

115 448 830
55 248 574
114
906
481
661 664
589
251 452 876
300 308 648
297 408 637
458 787
22
15 625
368 746 814
175 269 542 798
491 571
36 72 750
334 376
763
62 215 324 783
24 36 544 681 698
201 565
474 515 807 957
214 781
425 430 446 551
3 244 597 810
231
992
54 128 214 324 757 906
86 433
641 752 982
61
348 867
146
44 296 425 981
463
387 656 709 923
11 103 193 481 938
293 326 762 834
157 556
507 833
121 345 906
620 758
229 503 693 727
184 320 906 978
335 347 665 864
443 842
224 575 771 848
253 511 631 690 823 825 959
39 932
18 249 408 860
102
141 622

478 529
376
351 391 509

636 709

994
80 496 637 921
205 298
116 212 966
624 712
208 904 961
643 752
536 700
428 813 936 997
528 543
235 354 427 437 542 592 979
400 940
602
122
107 377 614
317 562 687 785 962
655 736
901
995
102 825
137 226 632
513 598 779 979
630 745
41 766
448
73 415 511 936 971
315 608 887
559 611 717 764
223
529 543 983
118 308 309 706 833 855
495 580
17 78 458 704 714 791 863
45 422 616
55
539 718
224 293 354 695 789
293 444 737
558
239 710
726 927
41 44 211 444 692 725 787 867
810
107 190 263 438

626
127 473 586
354 919
292
323 903
345 719 948
132 160 255 403 555 994
432 816
30
4 366 555 757
194 235 303 595
814
985
365 416 474 534
93 310 533 753
202
33 225 503


776
297 496
383 514 927
302 483 806
223 472 690
957
698
173 570 696 732 949
311 379 730
280 838 896 938
765 806
219 504 835
207 710 938
625 739 745 929
23

68 492 598 678 785 807
842
651
593
816
151 305 646 904 912
161 378 410 412 522 681 942
85 801
570 680
89 872
180 201 256 544 617
313 340 726
8 755 829 867

642 899
463 786
640 853
253 952
104 170 453 519
367 502 586 608
260 506 649 686 816 818 985
272 397 461 821
134 452 614 832

394 455 512 642
933
389 867
39 460 637 855 962
314 461 645 737 753 802 862
103 660
301 856
770 784 843
46 337 853 861
36 916
285 979
56 348 651
650 701
190 321 593 730 938
154 244 450 754
184 779
208 407 682 727 958
45 797
171 681 968
378
32
181 277 282 917
84 626
647 718 980
35 86
687
193 951 980
128
339 798
542 825 831 978

632 687 966
68 127 563
143
105 307 476 481 507
796
95 291 566 766 925
909
229 245 580 616 882
365 669 718 984
51 496 507 728 877
27 702 810 889
420 541
494 578 664
40 592
227 424
168 354 974 977
16 185 409 462 884
319 588
568 840
637
115 184 185 684
72 633 750 813 934
999
89 451

101 105 141 306 457 721
597
217 909
210
385 913
291 982
273 293 674
801 925 950
299 832
80 133 513 631 729 845 987
29 192 532
235 316 527 573 782
449 781 915
110 402 569
721 982
369 541 625 690 950
705
359 560 651
238 514 852 860 968
357 441 442 456 520 646 978
254 839 966
193 457 642 968
200 246 807
495
28 270 914 973
157 800
337 438 749
365 731
564 742

97 795
144 326 697 777
488 718
446 507 924
111 867 940 952 991
148 232 823
77 80 677 684
61 289 572 690 792
305 519
535
331 575 652 755 992
356 979

109 503 618 766
563 666
115 164 546 869 984
150 662 694 710
286
40 710 930


711
189
338 598 805
275 825
357 501 598 629 743 824
259 453 837 912
50 196 326 422 505 528
173 947
702
167 198 550 831
225 325 445 743 830 937 948
199 266 712 778
338 524 590 640
361 588
443 685
46 382 383 891
207 529 826 994
683
790 904 940
763
400 434 958
100 280 596 691
721
65 385 468 524 929
779 882

72 226
143 597 884
97 946
151 347 975
1
110 402 405 420 788 994
95 407 706 722

184 640 717
60 69 148 392 720 893
447
534 862
433 466 546
600 788
722 998
718 858
7 326 548 642
259 595 947
50 156 888 900

582 651 702 716 804 904 969
280 961 989
288 815 933

374 907 949 973
130 415 699

337 541

206 557
35 754 949
1 462
198 494 516
191
241 496 993
752 845
275 287
761 848
461 959

397 636 961 988
322 378 865
48 237 755 946

836
391
60 291 493 856 895
944
893
683 989 991
267

451 704
406 865
174 401 404 627
54 272
209 476 659
3 115 534 615 695 839 867
80 332 495 525
238 379 553 578 591 594
101 178 454 871
125 422
77 751 772
117 137 269 390 404

449 695 826
206 410 774
794
22 81 782 998
339 723
735

135 657
265
239 320 611 976
931
56 142 586
55 420 458 803 987
499 750 777 953
255
491 650 676
316 352
687 844
405 818
9 141 922
325 599
55 197 232 715 869
522 766

289 618 635
71 135 831
48 587 683 686 727
333 445 954 976
434 621 804 839
366 532
696
219
236 894
375
93 112 396 849 889
828 864
229 389 660 831
83 367 397 681 871 877
281 414 777 785
173 740
25 707 804
925
939
69 510
86 202
421 572 679
64 185 333 730 841 997
266 473 598 885
218
615 868 887
50 625 717
132 163
108 424
18
17 613 745 790
3 178 485
384 732 788 791
358 867
103 143 158
424 635

794 871
223 760
21 529 850
921 939
11 506 760
231 261 594 743 789
49 256 620 631 724 811
737 740
390 584
437 580 775 784
179 639
753 815
30 310 667 710
541
779 924
188 887
237 381 868 896
38 218 271 401 535
228 380 395 804 896
11 31 577 810
881
189 610 661 837 852
100 628
27 179
618 958
69 184 296 451 861 915
2 49 81 265 353 767
517
