124 2430 
4 6 7 13 14 16 18 19 20 21 23 24 25 26 28 34 36 42 43 46 54 55 63 68 69 70 71 73 77 83 86 88 89 91 94 98 101 102 105 107 108 110 121 122 124 
4 5 8 9 13 16 21 22 23 30 34 36 38 39 43 44 47 50 55 56 57 60 61 66 70 71 74 77 79 80 81 85 90 93 95 97 99 104 105 106 112 115 119 120 121 122 
4 5 11 17 23 26 30 33 37 45 49 50 54 55 56 58 62 65 66 67 72 73 74 78 79 83 85 87 89 91 93 95 96 101 102 111 115 120 121 123 124 
1 2 3 5 6 7 8 10 12 14 18 24 30 31 38 41 47 49 50 52 58 60 61 63 65 67 78 79 85 87 92 94 98 101 112 118 119 123 
2 3 4 10 14 17 18 19 20 23 28 36 39 40 41 43 44 45 49 60 63 67 70 73 80 83 87 92 97 98 106 107 108 110 111 121 122 124 
1 4 7 15 16 22 27 33 40 41 42 44 45 46 49 51 52 58 62 66 69 75 76 77 80 81 83 99 104 111 116 118 119 120 121 122 
1 4 6 8 10 13 16 19 20 21 24 25 30 31 34 36 37 38 39 40 43 45 47 50 52 56 61 62 63 64 67 71 72 73 76 81 85 86 87 93 101 110 112 113 115 121 
2 4 7 11 12 18 20 22 24 26 31 33 35 37 40 42 43 44 47 50 54 61 62 70 71 74 75 76 78 80 81 91 95 96 99 100 105 109 114 118 123 
2 11 13 14 16 31 32 37 39 44 46 48 49 54 56 59 60 64 66 79 83 87 89 90 94 99 106 108 113 115 116 
4 5 7 11 16 24 25 28 29 33 34 39 44 45 46 48 49 51 53 61 63 64 68 72 73 77 79 80 83 87 91 97 98 104 109 113 116 118 122 123 
3 8 9 10 12 15 17 29 32 34 40 48 50 53 54 57 61 62 67 69 72 73 74 75 79 82 86 89 91 95 96 99 103 104 105 107 111 112 113 115 118 122 123 
4 8 11 14 18 23 24 25 27 30 32 35 39 40 47 48 52 58 59 63 65 68 69 74 81 82 89 93 95 99 102 103 105 106 109 110 111 112 120 122 
1 2 7 9 15 16 18 22 24 28 29 34 35 36 39 41 42 46 56 58 60 61 64 65 70 74 79 80 81 82 84 89 95 98 102 103 104 105 110 111 113 116 117 119 121 122 123 
1 4 5 9 12 15 18 19 22 28 30 35 37 40 45 46 48 54 55 60 61 62 68 77 83 87 91 93 96 98 103 108 117 119 122 124 
6 11 13 14 16 21 22 28 33 50 51 53 56 57 58 59 60 62 65 66 69 70 75 79 80 81 86 87 92 94 97 100 102 103 104 106 116 117 118 121 123 124 
1 2 6 7 9 10 13 15 19 22 23 24 27 30 38 40 42 47 56 57 60 61 62 64 72 73 74 79 83 85 86 87 91 94 95 119 122 
3 5 11 26 27 28 33 35 36 37 38 40 42 47 51 54 55 56 57 58 59 62 65 73 74 75 80 81 82 85 86 88 100 101 103 104 105 106 108 109 117 120 122 
1 4 5 8 12 13 14 20 25 32 33 38 45 47 51 52 55 57 60 63 64 67 71 72 77 80 81 83 87 91 93 97 104 106 109 110 111 112 113 114 115 119 
1 5 7 14 16 26 33 34 50 52 53 54 55 56 57 59 70 71 72 75 76 77 79 80 85 86 88 90 94 98 104 106 107 109 111 112 113 116 118 122 123 
1 5 7 8 18 24 36 38 39 43 56 58 59 66 71 74 75 85 87 90 91 92 95 98 99 108 109 110 111 114 116 119 120 
1 2 7 15 23 26 29 30 32 37 38 42 43 45 46 53 54 55 57 58 63 64 65 70 72 74 83 89 92 99 101 103 105 107 109 113 116 120 
2 6 8 13 14 15 16 26 28 30 33 34 36 41 42 48 50 53 54 58 59 62 65 67 68 71 73 75 78 80 82 84 86 87 91 97 100 101 107 112 113 117 119 120 122 
1 2 3 5 12 16 21 25 34 37 42 51 54 55 59 60 61 63 64 71 75 76 77 78 82 84 85 87 90 91 93 96 98 100 114 115 116 117 122 124 
1 4 7 8 10 12 13 16 20 25 29 31 33 37 46 50 53 59 62 67 70 79 80 81 82 85 92 94 95 96 101 102 103 104 107 120 
1 7 10 12 18 23 24 27 46 47 61 68 79 88 90 93 95 102 104 106 108 109 111 113 118 122 
1 3 8 17 19 21 22 30 31 35 36 38 40 57 58 62 64 66 71 77 86 88 94 95 96 98 103 104 109 111 112 115 118 119 122 123 
6 12 16 17 25 29 34 36 37 38 40 49 51 56 57 62 71 73 74 77 78 79 82 89 92 98 105 110 111 117 118 119 123 124 
1 5 10 13 14 15 17 22 30 32 35 36 37 38 43 45 46 47 49 51 53 54 56 63 64 65 68 70 75 77 78 79 80 82 83 88 89 90 91 92 94 95 97 98 103 105 110 116 117 119 121 
10 11 13 21 24 27 35 38 39 40 44 45 47 56 57 58 62 67 80 84 91 94 95 99 101 104 109 112 118 122 
2 3 4 7 12 14 16 21 22 26 28 31 32 34 37 42 43 46 48 51 55 58 62 66 67 73 76 86 89 90 91 92 93 94 95 98 103 105 113 114 115 116 118 121 122 
4 7 8 9 24 26 30 32 36 44 46 50 52 54 59 61 63 65 70 73 78 81 85 91 95 97 99 104 106 112 117 119 124 
9 11 12 18 21 28 30 31 33 37 42 49 51 55 56 57 58 61 67 68 69 70 73 77 82 83 84 85 92 96 104 107 108 114 115 118 121 
3 6 8 10 15 17 18 19 22 24 32 34 38 41 50 53 56 57 59 60 61 65 72 74 76 79 86 87 92 93 94 95 100 106 107 110 113 114 122 124 
1 2 7 10 11 13 19 22 23 27 30 33 35 36 40 46 53 56 59 63 65 67 71 72 84 86 91 98 103 106 109 110 118 120 122 
8 12 13 14 17 26 28 29 34 38 41 42 52 54 56 59 63 65 66 69 70 72 73 75 77 81 87 88 93 95 99 105 110 111 113 122 
1 2 5 7 13 17 20 22 26 27 28 31 34 38 39 42 43 44 46 47 56 59 60 61 62 65 69 72 77 81 86 88 106 111 115 121 
3 7 8 9 14 17 21 23 24 27 28 30 32 42 46 48 49 53 56 57 61 72 74 75 77 80 81 83 84 87 88 89 90 93 95 96 97 102 103 106 107 110 119 122 124 
2 4 7 16 17 18 20 21 26 27 28 29 33 35 36 39 41 43 45 47 49 54 55 57 62 63 64 69 75 76 79 81 82 85 88 89 91 99 101 110 114 121 
2 5 7 9 10 12 13 20 29 36 38 41 42 50 51 53 54 61 65 66 68 78 80 81 83 90 101 108 110 117 120 124 
5 6 7 8 11 12 14 16 17 26 27 29 34 47 48 51 53 54 55 58 61 62 64 65 66 68 69 77 80 81 82 91 93 94 96 97 102 104 111 115 123 124 
4 5 6 13 22 33 35 38 39 42 45 48 53 55 56 58 62 68 70 72 78 79 83 87 89 90 92 93 95 98 99 100 101 103 104 107 108 111 113 116 118 120 122 124 
1 6 8 13 16 17 21 22 23 30 32 35 36 37 39 41 45 47 51 53 56 63 66 67 70 72 73 80 84 88 91 92 94 95 97 98 103 105 107 111 116 117 118 119 122 123 
1 2 5 7 8 20 21 28 30 36 38 44 51 52 56 58 59 60 65 67 69 70 80 90 91 94 96 97 98 103 107 108 110 112 115 116 118 122 123 124 
2 5 6 8 9 10 29 31 36 43 47 49 56 58 64 66 73 75 78 79 80 86 92 96 100 101 105 107 108 110 117 119 121 123 
3 5 6 7 10 14 18 21 28 29 38 41 42 47 48 56 57 58 59 63 64 66 67 68 75 77 78 82 83 87 92 97 105 106 110 114 118 119 124 
1 6 9 10 13 14 21 24 25 28 30 31 34 36 37 52 54 57 58 63 64 65 67 70 72 74 77 78 80 85 90 92 93 95 101 103 106 109 111 112 113 116 120 121 122 124 
2 4 7 8 12 16 17 18 25 28 29 36 38 40 42 44 45 48 50 52 54 58 66 69 84 91 101 105 106 108 118 120 122 123 
9 10 11 12 14 22 30 37 40 41 45 47 49 50 51 52 54 57 60 61 62 63 66 68 69 70 71 73 77 78 83 85 86 90 91 95 96 97 98 102 106 108 111 123 
3 4 5 6 9 10 27 28 32 37 38 44 48 52 53 56 60 61 62 65 70 71 73 74 77 80 85 90 92 93 95 98 101 105 110 111 113 114 117 121 122 123 124 
2 3 4 7 8 11 15 19 22 24 31 33 39 47 48 51 54 59 61 67 68 71 74 77 78 82 86 92 93 94 99 104 105 109 113 119 121 123 124 
6 10 15 17 18 23 27 28 30 32 39 40 42 43 48 50 53 54 55 60 64 68 73 75 78 79 80 81 93 102 106 107 109 112 114 121 122 124 
4 6 7 12 18 19 31 35 43 46 47 48 49 53 54 55 56 61 66 68 71 75 76 77 81 92 94 99 105 109 111 116 119 123 
10 11 15 19 21 22 24 28 33 34 37 39 40 41 42 49 51 52 54 55 59 60 64 66 68 72 82 84 87 89 92 94 95 96 108 116 122 123 124 
1 3 8 9 11 14 17 19 21 22 23 28 31 35 38 39 40 46 47 48 50 51 52 53 63 67 69 75 78 81 82 83 85 86 87 88 89 92 94 95 97 99 103 104 109 110 113 120 122 
1 2 3 14 17 18 19 21 23 30 32 38 40 41 51 52 53 57 58 59 62 64 67 69 81 85 90 93 100 106 108 110 111 112 119 120 
2 3 7 9 13 15 16 17 19 20 27 28 29 32 33 34 35 36 37 41 42 43 44 45 49 52 59 62 65 71 72 85 86 87 88 92 97 98 100 103 108 111 112 115 116 118 119 122 123 
2 11 15 16 17 18 19 21 26 27 29 32 33 37 38 45 46 48 55 59 60 64 66 71 72 73 78 83 88 90 92 93 95 96 97 98 100 104 108 115 116 117 122 124 
3 4 6 12 13 15 17 20 21 22 26 29 30 32 40 41 43 44 45 46 47 55 59 61 67 69 78 81 85 88 89 91 92 93 94 96 97 98 103 105 108 114 115 116 121 
9 12 15 17 19 20 22 23 24 31 33 34 35 36 43 45 50 53 55 56 57 58 61 63 65 68 71 75 83 85 89 90 91 95 98 103 106 108 109 110 112 117 120 122 123 
2 4 5 9 13 14 15 16 18 23 33 36 43 48 49 51 53 57 62 68 77 79 86 87 94 96 100 101 105 110 121 124 
2 4 7 8 10 11 13 14 16 23 25 31 32 33 36 37 39 40 48 49 50 52 58 59 64 66 72 73 76 79 80 84 85 87 93 97 98 101 102 103 106 107 109 110 111 115 116 119 120 121 
3 6 7 8 11 14 15 16 17 22 24 26 27 29 30 36 38 40 41 48 49 55 56 60 63 65 66 71 73 74 78 80 87 89 90 94 95 99 103 114 119 120 
1 4 5 7 10 12 18 21 23 28 31 34 35 38 42 45 46 48 54 59 62 68 69 77 83 84 85 89 90 96 98 99 103 104 109 111 112 113 115 117 118 
7 9 10 13 16 18 21 23 26 28 38 40 44 45 46 51 53 55 57 61 68 71 73 74 88 89 98 99 100 102 110 114 116 121 123 
3 4 12 13 15 17 21 22 28 31 33 34 35 36 39 40 43 46 49 56 59 62 67 76 114 116 121 124 
2 3 6 9 15 20 26 30 35 39 40 42 44 45 47 48 52 53 57 61 62 75 76 79 80 81 83 84 85 86 88 90 94 97 100 101 102 107 112 120 121 123 
3 4 5 7 11 18 22 24 29 30 32 34 42 43 45 46 50 54 55 58 65 70 72 75 80 83 84 86 88 90 91 92 93 97 103 114 116 124 
1 10 12 14 22 25 28 32 39 40 41 45 48 50 51 52 53 59 60 63 64 71 72 74 77 78 80 86 93 96 97 102 103 105 106 110 112 117 119 120 
1 6 11 12 15 32 35 36 38 40 43 47 48 54 55 58 63 70 74 76 77 80 81 82 90 91 93 94 102 104 106 107 110 112 113 115 116 119 120 
1 2 5 8 13 15 19 21 24 28 31 32 35 41 42 43 46 48 49 67 69 71 74 80 81 83 85 87 91 92 96 106 107 108 112 115 117 120 121 122 
1 2 7 8 18 19 20 22 23 26 27 34 48 49 50 52 56 57 59 62 64 68 70 76 78 81 84 85 87 88 90 96 97 98 99 100 105 107 109 111 112 122 124 
3 7 10 11 16 18 19 21 33 34 35 36 37 41 42 46 53 56 57 61 67 68 73 74 77 89 90 95 96 100 107 111 115 120 
1 3 5 7 10 11 16 17 22 27 30 31 32 35 42 44 48 49 51 57 61 62 64 72 75 76 77 79 80 86 87 90 91 93 104 105 106 107 109 113 118 123 
2 3 8 11 12 13 16 17 20 21 27 33 37 46 49 50 62 64 68 69 70 72 78 79 81 89 95 96 99 103 107 109 112 113 117 122 
6 8 11 15 17 19 20 22 23 28 35 37 38 44 45 51 52 54 59 66 67 73 76 82 86 92 93 95 103 111 113 117 119 120 124 
6 7 8 19 23 30 33 38 52 61 65 66 69 71 73 75 78 79 82 86 89 90 94 97 105 
1 2 6 10 14 18 19 23 26 27 28 32 35 36 37 40 45 46 48 49 50 52 60 63 68 69 72 73 78 82 88 89 93 94 95 98 102 103 104 106 108 111 113 115 116 117 120 
3 4 8 22 23 27 28 31 39 41 44 45 46 48 50 51 54 57 58 62 68 71 74 76 77 80 83 88 90 91 92 99 101 103 110 112 113 116 117 119 123 
2 3 4 9 10 11 13 15 16 19 24 25 27 28 33 38 41 44 51 60 61 66 73 74 76 81 82 86 91 93 97 98 102 106 108 109 111 120 122 
2 5 6 8 10 13 15 17 18 19 22 24 28 29 37 39 40 42 43 44 46 49 51 61 62 66 67 68 69 70 73 78 82 83 84 88 89 95 102 104 106 116 117 118 121 
2 6 7 8 12 13 15 17 18 24 31 35 36 37 38 39 40 51 52 54 55 58 66 69 70 71 74 79 88 90 102 103 112 115 117 119 121 122 123 124 
11 12 13 17 22 23 24 27 28 32 38 40 45 50 53 54 69 75 76 77 79 80 96 102 103 104 108 109 119 122 123 124 
1 3 5 6 9 10 14 16 18 21 28 32 37 39 41 45 48 54 57 59 63 66 67 70 78 80 85 90 94 95 96 103 111 112 118 121 123 
13 22 23 29 32 34 37 42 47 53 61 63 66 67 71 80 87 88 90 92 94 98 102 105 107 108 112 114 116 118 119 122 124 
2 3 4 7 16 17 19 20 23 24 31 32 38 46 48 49 54 55 56 58 59 61 63 66 70 71 83 86 92 93 98 102 103 107 119 120 121 123 
1 7 11 15 16 17 19 22 26 30 33 34 36 44 48 50 54 56 60 66 67 68 73 75 76 79 85 87 88 90 99 101 104 108 114 122 
3 4 5 7 9 10 14 15 16 18 20 22 23 33 35 37 41 45 53 54 56 60 61 62 70 71 73 84 86 89 92 99 102 105 109 110 112 117 124 
1 17 19 25 26 28 35 36 37 38 42 54 56 57 58 64 66 67 71 77 78 80 81 84 86 91 92 94 95 96 99 102 107 108 111 119 124 
1 3 9 11 12 13 21 27 28 30 37 38 41 53 54 58 59 62 63 64 72 74 76 77 80 87 91 95 106 112 114 118 119 120 121 124 
2 9 19 20 23 25 28 30 37 39 41 43 46 48 49 55 57 59 62 63 66 67 69 71 72 73 76 78 81 83 84 86 91 93 100 101 107 112 116 118 120 122 
1 3 8 10 11 14 16 18 20 22 23 28 29 30 31 34 38 40 42 43 47 48 58 59 67 69 70 73 78 79 88 89 90 94 96 102 103 105 107 111 113 119 122 123 
4 5 15 20 21 24 27 28 30 32 33 41 42 44 45 46 49 50 52 53 54 56 57 58 67 70 75 78 84 85 87 88 97 99 101 102 104 105 110 112 113 114 115 117 124 
2 3 7 12 14 18 23 25 30 33 35 37 40 41 46 49 50 51 55 57 58 61 67 68 69 73 75 77 79 85 90 98 99 104 106 107 109 115 119 
1 4 9 15 16 19 24 26 28 29 30 33 40 42 43 50 52 53 54 58 60 62 66 69 76 77 83 84 88 91 97 98 105 106 107 108 109 113 120 124 
2 3 8 11 12 13 16 20 24 25 26 28 29 30 31 33 35 37 41 42 46 48 49 53 54 57 59 62 72 74 75 77 80 83 88 89 98 99 104 105 113 114 119 123 124 
3 8 11 14 23 24 26 32 37 40 43 44 48 53 57 58 60 63 68 70 71 72 74 82 83 88 91 100 102 103 107 111 113 114 116 117 118 119 120 122 
2 5 10 15 18 22 28 31 37 40 42 43 45 48 54 56 57 58 61 66 67 68 71 76 79 92 94 104 105 108 112 114 115 117 119 120 
1 4 5 10 13 14 19 20 23 26 27 28 30 34 41 42 43 48 49 56 57 58 59 61 63 64 71 77 79 84 85 93 94 95 103 105 106 109 111 117 122 
2 6 8 9 11 12 20 21 29 31 35 38 41 50 52 54 62 63 64 71 74 78 86 87 88 92 93 95 112 115 120 121 122 124 
8 15 17 22 23 33 41 44 55 56 57 60 64 66 71 72 90 96 104 106 107 115 119 123 
1 3 4 7 17 21 22 24 29 38 39 41 44 46 47 49 60 61 66 78 86 90 92 102 104 106 108 109 111 115 117 122 
1 3 12 13 15 24 25 37 40 48 51 61 64 66 68 69 77 79 80 81 82 84 85 87 88 91 92 96 101 103 107 112 121 123 124 
11 12 13 14 15 17 21 24 26 28 30 34 37 41 42 43 46 54 56 58 59 61 62 63 67 68 74 75 77 78 81 82 83 85 91 96 98 102 105 106 108 112 116 117 120 123 124 
2 6 10 11 13 15 17 18 19 24 25 26 29 31 32 40 41 50 54 57 63 69 73 77 80 82 86 92 93 95 97 100 101 106 116 117 120 121 122 
1 2 8 11 12 13 17 21 27 28 30 35 42 44 45 47 49 50 52 58 60 68 71 73 76 84 87 91 92 94 95 97 98 103 106 108 109 112 117 119 121 122 124 
2 5 9 12 15 17 18 19 25 31 33 34 36 37 45 46 47 48 51 55 59 61 68 69 70 73 77 79 80 89 93 94 98 100 101 103 104 105 107 108 114 118 120 121 
1 5 11 19 21 22 24 32 33 37 41 42 43 44 51 61 66 69 70 71 72 73 74 84 85 88 90 91 93 94 96 100 102 106 114 116 124 
1 5 9 14 17 20 25 32 39 41 43 44 47 48 53 55 56 57 58 59 70 77 79 82 84 86 88 94 97 101 103 105 106 118 120 122 123 
8 10 12 17 18 19 20 21 25 26 29 34 46 50 51 52 54 59 61 63 71 73 74 79 82 87 93 94 98 101 105 117 120 
1 5 7 12 13 18 20 27 28 33 34 35 37 38 39 43 44 45 49 54 55 59 60 61 64 68 69 78 87 92 113 115 118 119 120 121 
3 5 6 11 12 13 18 19 20 25 26 27 35 36 40 41 42 46 48 49 52 55 56 61 63 71 72 75 77 79 83 88 91 96 98 101 112 114 116 120 124 
2 4 7 11 12 18 19 22 26 29 31 43 46 51 55 56 59 63 66 68 69 70 71 74 78 81 83 84 87 89 90 92 97 99 102 103 105 111 124 
7 9 10 11 13 18 19 21 22 25 30 33 35 41 46 49 50 54 63 69 73 74 75 77 78 91 92 94 95 96 110 116 119 123 
8 18 20 23 30 32 33 38 45 49 51 58 62 64 65 67 84 86 89 92 95 96 97 106 107 111 117 118 120 
2 3 7 9 11 18 23 26 30 32 36 40 43 56 57 58 61 63 69 70 72 77 81 92 93 97 99 100 101 110 116 118 120 124 
6 9 10 13 15 19 20 21 23 28 30 41 42 43 46 52 53 56 57 58 61 64 65 67 69 77 78 80 84 90 96 103 104 107 111 113 115 123 
13 14 15 17 22 23 27 28 31 39 42 44 49 57 59 63 68 70 74 75 77 78 80 81 87 92 96 97 98 101 103 104 105 109 114 120 122 124 
4 6 8 10 11 15 19 25 26 27 29 30 32 34 41 42 43 45 47 56 63 73 80 83 84 89 90 96 106 108 110 114 115 124 
2 4 6 13 14 16 18 20 22 26 27 28 31 37 42 44 45 50 52 55 56 61 62 68 69 75 78 81 82 84 85 88 89 91 93 95 96 97 100 105 110 113 122 
2 3 6 12 17 20 21 22 24 34 39 41 46 47 54 55 59 61 62 66 68 69 70 72 75 77 79 85 89 90 94 96 97 99 103 104 106 108 109 110 111 114 115 117 121 124 
1 2 3 5 6 7 13 15 28 30 32 36 38 44 46 49 50 51 58 60 61 64 65 66 70 80 81 83 85 89 99 102 104 105 106 110 120 
1 2 5 6 10 11 12 13 14 16 17 19 22 23 25 26 29 30 33 34 35 37 41 42 43 46 47 49 51 53 54 56 57 59 70 71 74 79 81 82 84 86 90 91 96 98 99 101 104 105 108 117 119 124 
3 4 8 10 11 13 15 19 26 27 40 42 43 44 47 48 49 50 52 53 56 59 64 66 73 78 81 82 83 85 91 95 100 102 103 108 113 116 
1 3 5 14 15 23 27 31 33 37 39 40 41 43 45 46 49 50 51 53 57 60 65 67 71 75 81 82 84 87 88 89 92 94 95 99 102 103 105 107 111 112 115 117 118 120 122 
