124 320 
4 8 69 91 108 112 
9 11 19 34 45 115 
35 81 86 107 
1 42 51 
10 14 25 62 67 
9 26 49 54 89 93 101 
25 36 55 62 83 123 
1 31 86 88 101 114 
2 6 13 36 
5 27 43 
2 28 54 59 69 
16 67 71 
9 36 65 76 79 121 
5 38 82 86 94 98 
37 80 119 
12 71 78 88 122 
49 76 95 118 123 
19 33 37 60 83 117 120 
2 18 31 76 97 102 109 
67 75 107 112 
31 55 79 113 116 
33 41 42 92 101 103 
24 31 57 58 71 101 110 
23 28 38 41 56 101 
5 7 49 107 
6 40 51 67 88 90 94 
10 30 31 42 58 62 91 103 
11 24 53 112 118 
35 57 100 
27 42 54 104 106 
8 19 21 23 27 39 68 79 
56 81 96 
18 22 77 85 86 89 112 
2 79 94 102 112 114 
3 29 78 86 90 103 106 
7 9 13 68 80 
15 18 43 83 
14 24 51 110 
31 68 80 94 99 122 
26 45 67 75 96 113 116 
22 24 51 55 68 78 86 90 94 108 115 
4 22 27 30 51 106 107 119 
10 37 49 69 77 91 
54 57 63 109 114 
2 40 
124 
70 71 96 99 105 119 
84 91 
6 17 25 43 93 
117 
4 26 38 41 42 66 80 109 114 118 
92 118 
28 70 
6 11 30 44 107 116 118 124 
7 21 41 66 78 100 
24 32 60 73 77 81 119 
23 29 44 107 113 
23 27 105 116 
11 111 
18 56 
75 
5 7 27 89 102 120 124 
44 74 
103 
13 87 103 113 
51 55 86 113 
5 12 20 26 40 
31 36 39 41 92 104 120 
1 11 43 74 85 108 
47 53 78 92 115 
12 16 23 47 80 89 
78 99 119 
56 83 90 94 103 113 
63 69 82 91 
20 40 61 76 105 
13 17 19 75 78 85 112 122 124 
33 43 56 78 100 112 
16 35 41 55 70 72 76 77 
13 21 31 34 118 
15 36 39 51 71 102 121 
3 32 56 98 112 
14 74 95 
7 18 37 73 87 94 
48 97 
33 69 76 87 103 113 118 
3 8 14 33 35 41 66 92 112 121 124 
65 83 85 109 
8 16 26 99 108 115 
6 33 62 71 92 106 121 122 
26 35 41 73 
1 27 43 48 74 115 
22 52 68 70 86 89 98 122 
6 49 124 
14 26 34 39 41 73 83 108 115 
17 82 109 116 
32 40 47 
19 84 115 
14 81 92 113 
39 47 72 88 
29 55 77 
6 8 22 23 24 
19 34 62 80 
22 27 35 64 65 73 85 124 
30 68 
47 58 75 
30 35 42 89 
3 20 25 42 54 57 109 
1 41 69 88 94 
19 44 51 87 95 107 
23 38 121 
59 112 117 121 
1 20 28 33 34 76 77 81 86 111 123 
21 40 57 65 66 73 85 98 
8 34 44 51 
2 41 70 88 91 94 97 
21 40 54 58 95 121 
18 50 111 
17 28 51 52 54 79 85 
15 42 47 56 72 
18 62 68 
13 80 86 89 110 111 116 
16 39 76 89 92 
7 17 112 
46 54 62 76 86 93 103 
