250 9922 
2 3 7 9 12 14 16 17 18 19 20 23 26 27 32 34 38 53 57 58 59 68 71 73 74 77 78 81 83 89 92 93 95 96 97 98 117 120 124 129 131 133 135 138 144 148 151 152 159 163 169 170 183 188 193 196 199 200 201 207 208 210 211 217 222 223 226 228 230 236 240 242 245 246 248 249 
1 4 7 12 14 23 24 26 27 30 31 35 36 37 39 42 44 45 48 49 55 56 59 61 75 79 93 94 96 103 105 107 110 111 112 114 117 119 122 123 128 130 132 137 140 142 145 146 147 151 152 153 155 156 175 176 179 182 188 191 192 193 195 200 203 206 207 215 219 220 222 224 226 227 230 232 236 238 239 240 242 246 247 
1 4 5 7 12 13 14 19 30 33 36 37 39 40 43 52 55 59 60 63 67 69 79 88 101 102 103 104 105 106 109 112 113 119 121 123 128 131 133 134 135 140 142 145 147 150 152 153 155 163 168 170 172 173 174 175 176 178 181 182 183 190 192 194 195 198 199 203 205 208 213 217 219 221 227 229 235 243 244 246 247 248 
2 3 5 6 8 9 10 11 12 15 25 29 33 37 39 41 42 43 45 48 57 61 63 64 66 71 72 73 76 80 83 85 89 91 94 98 99 103 104 107 109 110 111 115 118 122 127 128 130 133 134 136 138 139 145 147 151 157 158 160 163 164 166 168 171 174 177 179 181 184 187 190 193 196 199 201 202 203 209 214 216 217 218 220 224 225 227 229 231 232 240 244 245 
3 4 8 10 20 21 24 26 28 31 33 38 40 41 45 46 48 51 55 56 65 76 78 79 82 88 89 91 94 95 97 102 105 107 109 110 112 117 118 120 124 126 128 129 133 135 137 146 150 153 155 156 160 164 165 166 171 174 176 177 180 181 187 188 194 197 198 200 205 206 208 211 213 218 220 232 234 237 239 244 246 
4 10 12 16 18 19 29 30 32 39 41 43 47 48 50 55 57 62 63 67 68 73 78 80 83 88 89 91 95 102 107 110 111 113 114 116 120 123 124 132 135 136 137 141 143 145 146 151 157 161 162 166 168 169 172 176 181 182 184 185 189 190 191 196 198 203 206 207 210 214 217 220 224 239 248 249 250 
1 2 3 12 14 17 19 20 22 23 25 28 29 33 35 47 48 49 55 57 61 68 73 76 78 82 86 88 93 94 102 103 105 106 109 111 120 121 124 129 131 136 138 141 143 146 148 152 153 155 156 161 162 163 164 167 171 173 174 175 182 184 186 187 188 189 199 200 203 206 210 213 216 222 223 227 228 230 231 238 245 247 
4 5 9 20 33 38 39 41 46 50 51 57 59 63 66 71 73 76 81 86 87 88 92 99 100 104 105 106 108 109 116 119 120 124 126 128 130 133 135 138 152 153 159 160 161 162 173 178 185 188 189 194 195 198 201 212 214 215 220 221 222 223 224 226 230 232 235 240 242 245 
1 4 8 10 12 13 17 23 24 29 33 34 38 39 51 52 54 62 65 68 69 70 75 81 86 87 90 91 93 94 99 100 109 118 124 129 130 132 135 136 144 149 150 154 155 159 161 164 166 167 168 169 171 173 175 182 191 202 204 205 209 210 211 213 214 215 217 219 220 222 225 226 227 228 237 238 242 243 245 246 248 250 
4 5 6 9 13 15 18 20 22 28 30 35 45 46 47 48 51 52 55 56 57 62 67 68 70 76 77 80 83 84 90 96 97 98 100 105 106 107 109 123 128 130 132 136 137 138 146 147 150 162 166 169 174 178 180 183 185 186 188 190 198 200 202 203 206 214 217 220 221 223 225 227 232 236 241 
4 15 27 29 30 34 37 38 39 40 41 44 46 47 51 52 54 57 59 61 68 72 73 74 79 81 83 86 88 89 93 99 109 114 116 125 127 130 133 135 137 138 143 147 149 152 154 159 162 163 165 166 168 176 179 186 187 188 194 196 199 204 212 213 214 221 222 225 226 228 230 231 235 238 246 247 250 
1 2 3 4 6 7 9 15 16 21 31 36 37 41 42 44 49 51 53 56 57 58 59 66 67 69 72 78 86 87 96 97 100 103 111 112 114 121 129 130 133 140 150 154 155 156 158 161 162 170 171 175 176 177 180 182 188 189 190 192 195 196 198 199 200 202 205 206 207 212 213 214 216 223 225 238 247 249 250 
3 9 10 14 15 16 19 21 22 23 29 35 36 38 39 40 41 52 58 62 65 67 71 73 74 75 77 80 82 84 87 88 89 90 91 93 102 103 104 106 109 113 114 123 129 132 136 141 144 146 150 167 170 175 176 178 180 185 186 187 188 189 191 194 196 197 205 206 216 217 224 225 231 232 233 236 237 238 246 249 250 
1 2 3 7 13 23 26 29 33 34 38 44 47 49 50 54 59 63 65 67 75 78 84 86 91 92 96 97 98 101 105 109 110 111 117 119 121 122 125 129 131 135 136 143 145 148 149 153 154 158 160 163 164 173 175 178 179 182 187 189 192 195 196 201 204 206 207 208 210 215 221 222 228 231 236 237 238 240 243 244 247 250 
4 10 11 12 13 19 21 22 24 26 27 31 33 37 41 49 53 56 59 67 68 70 73 76 77 82 87 92 95 97 100 104 107 111 112 118 119 125 133 144 149 151 155 157 162 164 166 169 173 174 176 179 188 191 195 198 199 204 206 208 212 213 217 218 226 234 236 237 240 242 243 245 
1 6 12 13 17 19 23 27 29 32 35 36 37 39 41 44 45 47 48 49 50 56 61 62 65 66 68 72 73 78 79 80 81 82 83 85 87 88 92 94 95 97 99 101 105 107 111 112 113 114 116 117 118 119 120 122 126 128 131 136 138 144 145 146 148 165 167 171 173 175 177 179 190 195 197 200 201 205 206 209 211 214 215 219 221 225 228 242 243 246 250 
1 7 9 16 20 24 26 29 36 40 42 43 45 47 48 51 53 54 57 58 64 66 67 77 83 85 89 90 92 93 94 95 98 99 100 102 103 104 106 107 109 111 115 133 134 137 143 147 148 154 156 157 158 161 169 173 178 179 180 189 197 198 201 206 208 211 214 216 217 221 222 223 225 229 231 240 241 243 244 245 246 
1 6 10 23 27 28 34 39 40 42 46 47 50 59 66 67 75 76 81 83 84 85 86 88 90 91 95 99 101 104 107 109 110 113 117 120 122 123 130 132 133 134 135 136 144 145 150 162 164 166 167 171 174 175 177 183 184 186 193 202 203 205 208 209 214 216 218 220 222 223 225 226 227 232 235 239 243 246 250 
1 3 6 7 13 15 16 20 21 22 31 32 33 38 40 45 47 49 50 51 52 53 57 58 65 68 71 74 81 84 88 92 98 101 103 105 106 108 112 115 126 129 133 136 139 148 150 161 162 167 172 179 181 188 190 194 195 199 200 203 206 208 210 212 214 215 216 219 222 227 234 235 237 239 240 243 248 
1 5 7 8 10 17 19 22 31 34 37 44 45 47 48 50 58 61 64 65 66 68 69 70 71 72 73 78 83 86 91 93 97 98 99 100 101 104 105 107 110 111 116 123 124 125 131 133 137 139 140 143 150 157 158 161 162 165 167 169 178 179 180 181 197 199 203 206 207 209 210 211 212 219 221 222 226 228 229 233 234 241 242 246 
5 12 13 15 19 23 28 29 30 39 42 43 48 52 54 64 66 67 70 73 74 77 78 79 84 85 86 89 90 91 93 100 101 103 107 112 119 122 124 131 135 138 139 143 144 151 153 155 158 162 164 166 167 168 173 174 177 180 182 193 197 198 202 205 209 213 217 218 220 225 226 228 233 236 238 239 242 245 249 250 
7 10 13 15 19 20 23 27 28 29 32 36 38 39 41 46 55 59 62 71 73 75 81 82 85 89 90 91 92 93 112 116 122 124 128 130 134 141 143 144 145 147 148 151 155 161 165 166 177 180 186 187 188 189 191 194 199 209 210 211 214 215 216 217 219 222 226 230 231 232 234 237 244 248 
1 2 7 9 13 14 16 18 21 22 29 30 32 36 42 43 50 53 54 56 59 60 64 67 72 76 85 86 88 89 91 92 94 95 97 98 105 108 111 118 122 128 130 131 133 137 138 140 144 145 147 148 151 154 156 158 162 167 172 175 177 179 183 184 187 188 198 205 207 208 213 217 223 238 242 248 250 
2 5 9 15 17 32 33 34 35 36 37 38 39 40 41 42 47 49 52 54 55 57 62 64 66 68 75 86 90 91 96 97 102 104 106 108 111 117 124 125 126 128 135 138 142 146 158 164 165 176 179 181 182 186 187 190 193 198 202 207 208 210 213 219 220 221 222 224 229 241 243 248 250 
4 7 29 32 33 34 36 43 46 49 55 57 58 61 62 63 65 66 68 70 75 76 78 79 81 82 89 92 95 97 99 105 112 113 115 116 117 119 122 126 127 131 132 138 141 149 151 157 160 161 162 168 170 171 175 178 181 184 186 191 192 197 198 199 200 201 204 205 207 214 221 222 230 234 236 243 245 247 249 
1 2 5 14 15 17 27 32 37 39 40 41 43 45 49 57 58 61 62 63 64 66 67 68 70 72 75 76 77 78 79 80 81 82 85 89 95 102 105 108 111 112 113 114 118 122 124 128 130 131 133 140 144 146 152 155 158 164 166 167 169 176 177 179 182 184 187 190 199 204 211 216 217 219 222 224 225 226 230 234 236 240 242 245 248 249 250 
1 2 11 15 16 18 22 26 32 37 39 40 44 47 52 53 56 60 61 67 77 80 81 82 83 84 85 90 97 98 103 107 118 122 125 129 130 134 138 141 142 148 149 153 154 159 166 167 168 169 171 172 179 181 190 191 194 199 201 204 213 215 217 218 224 225 226 227 228 229 231 237 240 242 245 246 247 249 250 
5 7 10 18 21 22 33 34 39 41 45 47 54 55 56 61 64 65 66 70 72 73 81 82 83 84 87 89 90 91 93 95 96 101 105 114 117 122 130 133 134 136 139 142 146 149 154 158 159 160 163 167 170 175 186 188 190 192 196 200 206 207 211 213 218 219 223 225 229 230 231 233 234 238 239 244 245 
4 6 7 9 11 13 14 16 17 21 22 23 25 30 32 36 37 38 40 41 43 46 49 57 58 59 72 75 77 78 83 84 87 89 91 95 98 102 105 106 108 109 115 116 117 122 125 126 127 129 132 133 135 137 138 139 140 145 149 150 152 153 154 158 159 163 167 171 173 174 177 178 180 182 183 186 189 191 193 196 198 204 205 207 208 209 213 216 217 218 220 223 227 236 237 238 246 248 249 
2 3 6 10 11 21 23 29 32 33 34 35 37 47 48 52 54 58 61 62 63 65 67 68 69 71 75 78 82 84 85 86 90 93 95 99 103 106 109 110 111 114 116 119 120 123 134 135 137 138 140 143 146 150 152 154 155 158 164 166 167 168 169 171 172 173 181 183 188 199 200 208 209 210 211 212 219 223 227 232 235 236 240 241 242 244 249 
2 5 12 15 19 20 33 34 35 37 38 39 42 45 48 55 60 62 64 67 70 71 77 86 92 101 102 107 108 109 110 111 115 120 127 129 130 131 136 137 139 142 146 148 150 152 156 157 160 161 163 165 167 168 170 173 175 176 184 188 190 191 193 195 196 198 205 206 207 209 210 212 223 228 229 233 241 245 246 249 
1 6 16 19 22 23 24 25 26 27 29 30 42 43 44 47 49 52 60 63 64 65 66 68 71 73 74 77 80 87 90 92 98 101 104 105 106 107 113 114 118 119 121 122 132 137 145 146 147 150 151 152 154 159 160 162 168 173 175 177 179 181 182 184 187 190 191 192 199 207 209 210 214 217 224 227 231 233 234 235 242 243 244 
3 4 5 7 8 9 14 15 19 24 25 28 30 31 35 38 41 55 56 59 60 70 76 78 82 84 85 98 104 107 113 116 117 123 124 130 133 134 139 141 143 158 161 163 166 167 169 173 180 186 187 188 189 191 192 193 194 198 200 201 204 205 206 207 208 210 211 215 216 220 225 226 228 232 233 234 245 247 249 
1 9 11 14 18 20 24 25 28 30 31 35 39 53 59 60 63 64 65 66 70 73 75 77 78 80 84 97 98 103 104 105 110 112 113 115 116 126 131 136 137 144 146 149 152 164 165 169 170 174 177 180 181 190 195 196 202 206 209 220 221 222 224 226 227 228 231 234 236 238 239 241 243 247 248 250 
2 7 10 13 16 24 30 31 33 34 36 49 52 54 58 60 62 64 66 67 70 71 77 78 80 84 85 86 91 95 104 106 108 109 110 114 115 116 122 128 129 132 134 138 139 140 150 155 158 163 164 173 175 176 179 183 184 185 186 192 193 194 196 201 206 212 223 228 230 231 232 238 240 243 244 250 
2 3 12 13 16 17 22 23 24 25 29 35 38 39 45 48 52 53 54 55 56 58 59 70 78 79 84 93 95 97 99 100 101 103 104 105 106 108 117 118 119 120 124 126 127 128 129 131 132 143 144 149 153 154 156 157 160 168 171 180 181 185 190 191 198 199 201 203 206 212 214 221 223 224 231 233 240 245 250 
2 3 4 11 12 15 16 20 24 26 27 29 30 31 40 41 42 43 44 45 49 52 55 63 77 83 84 87 93 94 95 96 103 105 116 118 123 124 127 128 133 136 138 142 144 145 148 156 157 158 160 161 162 165 166 169 170 171 174 176 181 183 184 185 189 192 193 198 199 201 202 203 205 212 215 220 224 226 227 229 232 235 236 239 244 246 
1 5 8 9 11 13 14 19 22 24 29 31 33 36 54 57 58 61 64 68 69 72 74 76 79 82 85 86 89 90 91 93 96 104 108 115 121 123 128 131 132 133 134 136 137 140 147 161 162 163 167 168 169 171 176 177 179 180 183 185 189 190 201 205 207 208 210 216 217 219 220 226 229 231 242 243 248 250 
2 3 4 6 8 9 11 13 16 18 21 22 24 26 27 28 31 34 36 41 42 43 48 51 54 56 57 58 60 61 67 68 70 77 80 85 93 96 110 118 119 121 123 124 125 129 131 132 137 144 148 152 155 160 163 166 167 168 175 176 179 184 185 189 191 195 196 203 204 206 207 217 218 228 230 236 237 238 240 248 
3 5 11 13 17 18 19 24 26 27 29 37 41 42 43 49 54 59 60 65 69 75 83 87 88 90 92 95 96 97 101 113 115 119 121 124 126 132 135 136 138 139 141 142 143 147 157 158 162 171 185 187 189 190 193 199 201 203 205 207 208 211 217 218 224 225 228 232 237 239 241 242 244 246 249 250 
4 5 6 8 11 12 13 15 16 22 24 26 28 29 33 37 39 40 42 43 44 46 54 55 56 57 58 60 62 64 68 71 74 76 79 81 94 95 97 98 101 106 107 111 113 115 119 120 121 123 132 134 141 144 151 154 157 159 160 163 164 165 167 169 173 175 184 188 192 193 195 196 197 198 203 204 205 210 211 213 214 216 219 221 222 225 235 242 
2 4 12 17 18 21 23 24 31 32 37 39 40 41 44 46 47 48 49 52 54 56 61 68 69 71 73 81 83 87 88 90 92 93 101 102 103 106 108 111 113 114 121 122 129 134 137 139 141 142 147 149 151 156 159 162 166 173 175 179 185 186 189 192 197 200 202 207 208 210 213 224 234 237 238 247 248 249 
3 4 6 17 21 23 25 26 29 32 37 39 40 41 45 48 50 55 60 63 66 71 72 74 75 76 77 81 85 86 90 91 92 94 95 98 101 105 107 108 109 111 114 116 118 119 121 123 124 130 141 142 145 146 151 153 157 158 161 167 169 170 172 174 176 179 184 187 200 207 218 219 226 227 229 231 232 233 250 
2 11 12 14 16 20 27 32 37 41 42 45 48 51 53 56 60 64 67 70 73 75 82 85 89 96 97 98 101 108 111 114 116 118 119 121 123 124 125 127 131 132 139 144 146 150 151 157 160 163 168 178 179 185 187 195 196 199 206 209 210 213 214 221 223 226 231 232 236 241 242 245 246 248 
2 4 5 10 16 17 19 20 26 28 31 36 37 43 44 46 48 53 55 56 60 66 68 70 72 77 87 88 90 92 94 95 96 98 110 112 118 119 124 126 128 132 133 139 140 141 146 149 154 160 164 169 170 172 175 177 179 181 184 189 190 191 194 201 213 215 217 222 227 229 230 232 233 238 241 244 250 
5 8 10 11 18 22 25 29 41 42 45 48 50 51 53 54 60 65 69 71 74 80 81 82 84 89 92 93 94 96 100 101 105 106 107 109 110 113 114 116 123 126 128 129 131 134 140 144 146 148 152 155 156 165 168 170 171 172 174 179 180 182 183 184 190 191 194 196 198 201 202 206 210 212 213 214 217 224 227 233 235 236 239 246 
6 7 10 11 14 16 17 18 19 20 24 27 28 30 32 42 56 63 67 72 74 78 79 81 84 85 88 91 92 94 95 99 100 103 108 109 112 113 115 116 118 120 123 126 128 130 132 135 138 139 141 144 145 151 154 158 161 163 164 167 169 170 173 174 175 179 184 186 187 188 190 191 202 210 212 215 227 231 240 243 245 247 249 
2 4 5 6 7 10 16 17 20 21 30 31 36 39 42 43 44 45 46 58 59 60 61 64 65 70 79 82 87 89 95 96 97 103 107 111 115 117 119 122 128 133 136 140 144 148 153 155 156 172 173 182 185 190 197 201 202 203 206 208 210 217 226 228 230 232 233 239 241 244 247 
2 7 12 14 15 16 19 24 25 26 29 32 35 37 40 42 54 56 57 61 64 65 67 72 73 74 77 96 98 99 101 102 107 109 111 113 128 130 133 136 139 142 146 156 159 163 170 173 175 181 183 184 185 195 197 207 208 213 214 215 225 226 227 228 230 238 239 245 
6 8 14 16 18 19 20 23 43 46 51 55 57 58 61 65 69 76 78 81 82 86 88 89 94 95 105 108 109 116 118 124 131 134 136 144 150 151 152 153 156 158 159 163 173 174 175 184 186 190 191 195 201 205 206 208 210 212 213 215 217 223 227 228 231 237 242 243 246 
5 8 9 10 11 12 17 19 39 44 46 50 53 60 62 65 66 69 70 71 75 84 86 91 93 94 96 97 107 109 110 112 120 129 135 141 143 147 148 150 151 155 166 169 170 172 173 174 176 179 180 181 184 188 196 197 203 207 211 216 218 220 226 227 229 232 236 237 245 247 248 
3 9 10 11 13 19 21 24 27 30 32 35 36 37 42 54 57 58 68 71 74 76 90 95 96 97 98 99 100 101 103 105 109 111 113 119 120 123 124 125 127 132 134 135 136 138 139 140 141 147 149 152 164 169 173 174 177 182 183 184 187 195 198 203 206 212 218 232 233 235 237 240 242 243 244 249 
1 12 15 17 19 23 27 34 36 44 45 46 51 56 57 60 63 64 66 70 77 80 81 83 88 89 91 94 96 97 98 104 105 108 110 114 117 123 128 131 132 135 138 141 142 144 146 147 158 159 160 164 165 166 167 173 174 175 182 184 192 197 206 209 215 219 220 226 230 231 236 240 244 246 
9 11 14 17 21 23 24 28 30 35 36 38 39 40 41 42 46 49 52 60 61 65 68 73 77 78 79 81 83 87 90 91 94 95 97 99 103 105 106 107 111 114 120 121 122 124 131 142 145 148 149 153 155 157 159 173 175 176 179 181 183 185 188 189 195 206 207 210 215 221 222 223 230 231 235 236 240 245 246 250 
2 3 5 6 7 10 22 24 25 28 31 33 36 37 41 43 45 50 57 59 65 69 70 74 75 76 77 81 86 87 93 102 104 105 110 113 114 115 121 123 124 126 127 128 134 135 136 138 139 141 150 151 152 153 154 157 162 175 176 177 178 179 180 181 198 210 213 214 215 218 219 228 229 236 237 239 243 246 247 
2 5 10 12 15 16 23 27 28 33 36 39 41 42 44 45 47 49 53 58 59 61 66 68 72 73 74 78 79 81 86 88 93 97 99 101 106 108 109 120 124 130 140 145 147 148 149 151 157 162 165 166 168 173 174 177 184 186 188 193 195 204 205 207 212 217 219 223 224 226 230 234 236 237 243 244 246 247 248 
1 4 6 7 8 10 11 12 17 19 24 25 26 29 38 39 41 49 50 52 53 55 58 61 63 64 67 68 73 74 78 84 90 94 96 98 100 108 113 117 119 132 134 137 139 140 144 146 149 150 151 153 154 158 163 169 178 180 181 182 183 184 185 186 196 199 200 203 210 226 228 230 231 232 233 234 235 236 240 243 247 249 250 
1 12 13 17 19 20 25 26 29 30 35 36 38 39 41 48 50 52 56 57 59 66 68 74 76 78 80 82 85 86 89 90 91 96 97 98 99 101 103 105 111 112 116 117 118 119 120 134 143 144 145 146 148 150 152 153 154 155 161 162 163 165 167 169 170 172 173 177 181 183 184 185 186 189 195 197 198 200 213 217 224 231 232 234 236 237 240 243 248 
1 2 3 8 11 12 14 15 18 22 23 29 33 34 36 40 48 55 56 58 61 62 63 64 69 70 80 83 84 88 92 94 95 97 98 99 100 102 107 113 114 115 120 124 126 138 139 140 142 143 152 156 158 160 161 163 170 171 172 174 179 182 186 191 194 195 196 200 205 211 218 227 230 231 235 237 243 248 
3 23 27 31 32 33 34 35 39 40 41 43 44 45 46 48 51 53 54 62 63 64 66 68 69 71 75 76 77 80 84 86 89 95 98 100 106 107 115 116 117 119 127 128 131 136 137 139 144 145 146 147 152 160 169 173 174 178 180 183 185 187 189 195 201 202 205 208 216 217 219 222 224 230 231 232 233 234 237 242 244 247 248 249 
2 4 7 11 16 20 25 26 27 28 30 38 39 42 48 49 50 54 56 57 59 64 65 70 73 78 84 86 87 95 100 101 113 116 117 119 121 122 124 125 129 132 137 146 147 150 153 157 161 171 175 176 181 182 184 189 191 194 201 203 204 205 215 216 221 227 230 231 232 239 246 250 
6 9 10 13 16 22 24 25 26 30 31 35 41 51 59 60 68 72 73 80 81 84 87 89 91 93 96 97 99 103 107 114 116 117 118 119 122 123 124 128 130 131 133 136 137 139 142 144 147 148 150 152 162 163 164 168 170 171 173 178 179 181 187 193 194 195 197 198 199 200 204 209 217 219 221 222 224 226 232 236 238 240 242 248 
3 4 6 8 14 25 26 30 32 34 37 43 47 53 57 59 60 65 69 71 75 76 77 79 80 81 85 86 91 99 100 103 104 106 107 111 112 113 114 116 117 119 122 123 124 126 127 129 131 134 136 139 142 150 151 153 156 159 163 171 172 173 179 181 182 184 188 191 197 198 200 202 203 205 206 207 208 213 214 215 217 219 225 226 228 237 241 248 
4 17 20 21 23 24 26 28 31 32 34 35 38 41 44 48 49 53 57 59 60 61 70 71 78 79 84 85 88 89 94 103 104 106 108 110 111 113 123 127 131 133 134 139 140 142 143 145 150 151 152 165 169 172 174 175 176 177 178 190 194 195 203 212 213 215 219 220 221 222 225 227 233 238 240 241 244 246 248 
5 9 13 14 16 19 20 25 28 30 32 34 40 46 48 49 50 51 54 55 61 63 70 72 77 79 85 91 94 96 99 101 105 109 111 112 114 116 117 125 127 129 130 133 138 142 149 160 161 162 163 164 166 168 170 173 176 178 180 181 182 186 198 204 207 209 211 214 218 221 225 230 233 237 244 246 
4 8 12 16 17 18 20 21 24 25 26 28 32 34 35 43 45 51 53 56 58 60 67 71 75 77 79 83 87 88 89 91 96 97 100 101 103 105 108 109 110 113 122 131 133 136 140 144 146 148 151 155 156 161 162 164 165 167 168 178 184 186 188 190 191 195 200 202 204 206 209 223 224 226 230 231 235 239 243 249 
3 6 10 12 13 14 15 17 18 21 23 26 27 30 31 35 39 44 47 49 57 66 73 76 78 79 83 84 90 93 95 97 102 105 107 108 111 112 114 116 121 128 134 139 141 142 143 148 155 156 158 161 162 164 165 168 169 171 173 175 189 190 201 204 205 208 209 211 216 217 218 221 227 228 231 233 235 237 239 240 247 248 249 250 
1 6 7 9 10 11 15 16 19 20 24 25 26 30 32 38 39 41 42 45 52 54 56 57 58 60 62 70 72 75 76 77 82 86 93 96 98 109 110 113 114 115 116 118 120 121 123 124 126 130 134 135 139 142 143 144 145 146 149 150 153 159 160 161 166 172 173 183 185 187 189 193 194 195 196 197 201 205 218 220 224 226 232 241 244 245 246 247 248 249 250 
3 9 12 20 30 38 40 42 46 50 51 55 59 60 63 73 78 79 81 82 83 84 85 86 91 100 104 105 109 111 115 116 117 118 119 122 128 130 131 138 141 142 146 147 150 152 156 157 165 169 172 176 177 181 183 184 185 186 187 190 198 202 205 214 220 223 224 225 226 229 230 232 233 237 238 241 243 244 246 248 
9 10 15 20 21 25 26 28 31 33 34 35 36 39 44 45 48 51 53 55 59 61 64 65 68 72 74 77 82 83 84 85 87 88 89 90 92 94 100 102 103 107 108 112 123 126 128 134 136 143 146 150 152 170 172 176 177 179 182 185 189 190 191 192 197 199 202 204 205 206 211 213 217 218 220 224 228 229 230 238 241 244 249 
1 4 8 13 19 20 22 30 31 32 35 41 42 43 46 51 52 60 63 64 66 75 79 81 86 87 98 101 103 106 108 110 111 114 115 117 118 122 132 134 139 141 148 149 151 152 154 160 176 178 183 185 186 190 191 193 196 197 198 200 201 206 207 215 217 220 221 223 224 225 229 231 232 237 238 250 
4 11 12 16 20 23 26 28 29 38 43 45 47 49 56 62 65 68 70 77 78 82 83 85 89 90 93 94 96 101 102 104 107 110 111 113 114 120 123 126 133 137 140 149 154 155 160 162 165 175 176 178 180 181 183 186 191 192 193 196 208 209 211 216 218 220 225 229 230 233 236 238 239 240 241 243 246 248 249 
1 4 6 7 8 11 13 15 16 20 21 22 28 32 34 42 44 49 54 56 57 61 62 67 69 74 78 79 80 83 88 91 92 105 110 115 119 120 124 125 128 131 132 136 141 144 146 149 151 156 158 160 162 163 167 174 178 180 185 186 189 195 201 202 205 209 213 216 218 219 220 223 231 233 236 237 239 242 245 247 249 250 
1 11 13 19 21 32 38 41 43 46 47 49 52 55 56 57 58 70 73 77 78 79 80 82 83 86 87 90 92 96 98 99 102 106 107 113 118 120 123 129 130 131 132 135 136 142 147 151 155 156 158 161 162 165 168 174 175 177 178 179 180 182 185 187 190 199 209 213 214 218 219 222 225 226 228 230 232 234 241 246 247 250 
2 9 13 14 18 22 24 25 26 29 30 34 40 43 44 51 55 60 63 66 68 71 79 89 90 91 94 95 98 100 101 103 105 108 109 110 111 113 115 117 119 123 127 128 129 131 134 141 145 148 149 150 151 154 156 157 159 160 164 167 170 174 176 177 179 184 186 189 190 192 193 194 195 196 202 205 210 213 214 218 220 223 224 227 231 234 236 239 240 241 245 248 249 
4 5 7 8 10 15 18 23 25 26 33 38 41 43 50 52 55 58 60 63 67 68 78 79 83 85 87 92 98 99 104 111 113 119 120 122 132 134 136 138 141 146 151 155 158 159 160 162 164 167 168 169 170 172 176 177 180 186 187 191 196 206 208 216 218 220 222 224 229 231 232 233 234 235 246 247 
1 10 13 15 17 21 26 27 29 31 32 34 35 37 39 43 45 49 53 54 55 60 63 65 66 68 70 72 74 78 79 80 82 84 87 88 94 98 101 104 108 109 111 112 113 115 126 128 131 138 139 140 146 148 149 151 152 155 156 158 159 160 162 168 170 172 173 174 175 178 179 181 185 187 191 196 207 208 211 213 216 218 221 222 224 226 233 234 245 248 249 
1 5 6 7 12 14 16 20 21 25 26 29 30 33 34 35 36 47 50 54 56 57 58 61 64 67 69 72 73 74 76 77 79 80 82 86 93 96 99 100 110 112 115 116 118 121 122 128 129 133 134 135 140 141 142 146 147 151 153 156 157 163 165 167 171 178 181 182 187 190 191 193 194 195 198 205 207 209 210 218 219 221 223 227 228 232 233 235 239 240 242 243 246 249 
2 3 5 11 16 21 25 26 36 38 41 47 48 54 56 63 64 65 66 67 69 71 73 74 75 76 77 78 81 84 90 93 94 96 97 98 99 100 107 110 111 114 117 123 125 127 130 132 134 136 137 139 140 144 152 153 158 160 162 163 167 173 177 179 182 183 187 188 196 199 203 208 212 216 222 225 228 230 231 241 242 244 
4 6 10 13 16 26 27 32 34 35 39 46 53 58 59 60 62 63 73 74 77 78 81 83 86 87 94 97 99 101 103 105 109 110 112 113 117 122 123 126 127 130 133 135 142 150 151 156 157 158 162 165 166 167 170 174 178 182 185 188 192 197 200 201 210 211 212 213 216 221 222 223 224 226 227 230 233 234 239 241 242 245 246 
1 8 9 11 16 18 19 22 25 26 27 28 41 42 43 46 47 50 53 54 55 56 62 63 69 71 79 80 82 84 85 86 89 91 93 99 102 108 109 110 114 115 120 127 130 133 136 139 144 148 159 161 162 163 168 173 174 177 181 183 184 186 189 195 199 204 207 208 212 220 223 230 231 238 240 243 244 247 248 250 
5 7 13 15 16 22 25 26 27 28 30 33 38 44 46 48 50 58 68 69 70 72 74 77 78 81 87 89 91 92 93 96 100 103 105 107 116 123 126 134 138 146 150 152 154 155 158 163 165 166 167 170 174 175 185 188 191 193 195 198 199 200 205 210 211 215 223 226 235 236 237 238 240 241 243 244 248 
1 4 6 10 11 16 17 18 20 27 28 29 37 40 42 53 54 59 66 67 69 70 72 73 74 76 80 86 97 98 102 108 110 112 113 115 117 132 146 147 148 149 151 152 153 156 162 166 168 172 174 179 181 187 198 203 205 214 215 223 225 228 229 240 243 244 246 247 
10 13 14 18 19 21 27 28 29 30 33 34 35 36 37 46 47 51 57 59 60 61 62 64 67 69 70 77 79 81 90 94 95 100 105 106 109 113 114 121 123 124 128 130 135 148 150 154 156 159 161 170 178 180 190 192 193 197 203 204 205 206 207 212 214 216 233 236 237 238 244 248 249 
4 16 17 18 21 22 23 26 27 30 33 35 38 39 43 44 47 58 63 64 65 69 70 72 76 81 88 91 92 102 103 108 109 111 113 117 120 121 122 127 132 133 136 140 143 147 151 152 157 163 167 168 171 172 177 178 179 181 183 184 185 190 196 200 202 204 205 213 215 217 220 222 238 240 244 249 250 
7 8 9 11 12 14 18 20 21 23 24 30 31 35 38 43 50 51 55 56 58 60 61 63 68 69 71 74 78 80 81 83 87 97 98 105 107 109 111 124 125 126 127 132 136 139 140 142 159 163 164 166 168 173 178 185 186 193 194 197 200 201 204 205 207 209 210 215 218 219 223 227 228 229 232 235 236 239 244 246 250 
8 9 12 13 15 16 28 29 32 37 40 42 45 48 54 55 61 62 66 70 71 74 76 77 80 82 86 90 94 98 104 106 113 117 119 123 126 128 130 131 135 136 138 144 145 151 154 157 166 167 171 175 178 180 181 183 184 186 187 190 191 192 193 195 200 203 206 208 217 224 225 240 241 242 244 246 247 250 
3 5 6 7 8 11 13 16 18 19 23 40 42 45 47 50 53 56 59 64 66 70 73 77 85 89 91 98 101 102 106 110 116 118 119 120 121 123 126 129 131 135 141 142 144 151 153 154 155 156 157 162 163 167 169 173 174 176 192 193 195 196 197 200 201 204 211 221 223 226 232 246 249 
1 4 5 6 11 13 17 21 22 23 25 26 28 29 38 44 46 48 50 53 58 60 62 64 66 70 72 75 81 82 88 91 97 102 103 108 109 110 113 116 118 121 126 127 133 134 136 137 139 140 146 163 169 171 174 178 182 185 188 195 197 202 204 205 207 210 211 215 219 222 224 226 232 236 237 238 241 243 245 250 
9 10 13 17 18 21 22 24 27 28 30 32 38 40 42 43 45 52 54 57 58 67 70 72 74 75 79 84 87 91 93 94 97 101 103 106 107 108 112 114 116 121 126 127 128 129 136 138 143 146 150 151 152 156 158 167 170 174 181 183 185 193 197 201 204 213 214 216 219 221 223 224 229 230 231 234 235 237 238 239 241 246 
4 5 6 9 13 14 18 20 21 22 23 24 28 29 35 38 43 47 51 53 54 58 62 63 65 66 69 73 75 81 82 85 88 89 90 96 100 101 104 105 108 110 111 112 114 123 124 125 126 130 132 134 137 144 145 148 151 154 157 158 159 160 161 169 173 177 179 180 182 189 190 192 195 200 203 205 206 214 216 217 218 220 225 226 227 228 236 241 244 
1 8 14 15 16 17 19 22 23 25 31 32 40 42 43 45 46 47 59 70 73 74 76 82 85 103 108 113 115 118 121 123 124 127 128 129 130 133 136 138 139 142 143 146 147 148 149 150 154 157 159 160 161 164 165 169 176 177 178 180 181 187 190 191 193 194 202 203 205 207 208 212 218 219 220 221 225 227 229 230 233 237 244 247 248 250 
1 2 7 9 11 13 17 20 21 22 28 30 36 37 38 39 42 46 51 55 56 62 67 68 72 78 79 81 82 90 94 95 96 98 104 108 109 117 119 121 129 131 133 134 135 136 140 141 144 146 147 150 151 156 159 162 163 166 170 172 176 180 183 189 191 194 196 197 200 204 207 214 215 216 221 223 226 227 228 231 232 236 238 241 245 246 250 
2 4 5 7 9 16 17 23 37 41 43 45 46 47 50 51 53 54 57 59 64 65 70 72 75 77 79 80 84 87 90 93 95 99 110 112 115 118 121 125 127 130 132 133 136 137 138 140 141 144 146 147 148 150 151 153 154 155 159 160 161 162 163 164 166 174 182 184 186 191 192 193 200 203 209 210 212 214 216 217 231 241 246 248 249 250 
1 5 6 15 16 17 18 23 25 26 28 29 30 35 36 37 40 41 43 45 47 48 50 52 54 59 60 61 67 75 84 93 94 103 107 109 114 120 136 147 148 149 154 165 166 169 174 180 182 183 184 185 186 189 192 200 203 213 217 219 221 224 225 228 229 245 246 249 250 
1 2 10 12 14 24 28 37 38 39 40 44 45 46 48 49 51 52 53 57 58 62 65 66 68 72 74 78 79 82 91 93 97 98 103 109 110 112 113 115 123 124 125 127 129 138 139 150 151 152 155 161 167 169 172 174 179 186 187 191 200 203 214 218 220 221 225 226 227 228 233 234 237 242 246 248 
1 5 10 12 14 15 16 20 23 24 25 27 34 36 40 41 44 48 51 52 53 54 56 58 59 62 66 67 79 80 83 86 89 90 96 99 102 107 111 113 114 116 117 121 122 124 125 135 139 142 148 149 151 156 158 159 160 165 166 167 169 171 172 174 181 189 192 198 199 201 203 205 211 214 215 220 225 228 231 238 240 243 247 
1 4 10 14 17 19 20 23 27 29 32 33 34 41 43 44 45 49 52 53 57 58 59 60 68 71 74 75 76 77 79 83 86 87 88 93 96 102 105 108 116 117 118 128 132 137 138 139 140 141 144 150 155 160 161 162 163 166 168 169 171 176 179 182 186 190 191 196 198 200 201 203 206 211 213 220 221 223 225 228 230 231 232 235 237 239 248 249 
4 8 9 11 16 17 18 20 25 30 36 47 49 52 54 56 58 59 62 63 65 74 76 78 79 80 81 94 97 101 102 105 110 111 115 122 124 126 129 131 132 136 137 140 142 146 149 150 157 159 169 171 172 173 174 175 183 189 190 192 194 197 198 202 206 210 211 212 213 214 220 221 225 226 228 229 233 234 239 241 242 249 
8 9 10 12 15 17 20 21 36 46 47 52 57 59 60 61 63 66 69 70 75 78 79 82 84 91 103 107 108 117 118 130 135 136 137 142 145 146 159 161 163 169 172 173 175 180 181 183 184 188 194 199 207 211 215 216 218 220 227 233 240 242 245 247 250 
3 14 16 18 19 20 21 28 31 32 36 40 41 42 43 44 46 49 52 56 58 61 65 66 71 72 75 77 80 88 90 91 99 103 104 106 107 110 111 113 115 116 121 123 127 131 136 141 148 153 158 159 161 163 165 167 168 171 172 174 176 178 181 182 186 187 188 194 195 197 203 208 209 211 212 214 217 219 220 225 226 230 234 237 238 242 244 
3 5 6 7 13 17 24 26 29 31 42 49 55 59 67 70 72 74 81 83 85 88 89 97 98 99 103 106 116 117 118 119 121 122 124 132 133 135 137 141 142 143 148 151 155 157 161 163 189 195 198 202 203 208 216 220 222 226 230 236 241 246 
2 3 4 7 12 13 17 19 21 27 30 34 36 37 42 47 48 52 54 58 62 63 64 66 70 71 75 80 82 85 89 90 92 95 96 100 101 102 105 107 111 114 117 119 122 124 127 129 130 132 134 135 138 140 141 143 144 146 147 149 152 153 155 158 159 164 167 168 169 170 175 182 188 190 192 193 195 197 199 203 205 206 207 209 210 217 218 221 223 228 229 231 233 235 236 242 245 248 249 
3 4 8 13 15 17 18 20 24 32 33 34 35 36 38 53 55 63 64 69 72 76 77 87 91 93 101 105 109 119 128 129 131 133 135 136 140 148 149 154 156 159 163 164 166 167 169 174 180 183 191 194 198 206 209 214 215 216 219 221 222 225 233 238 
2 3 5 7 8 10 14 16 19 20 23 25 26 28 29 32 34 36 37 43 46 50 52 53 54 55 58 65 66 67 69 73 75 80 82 84 86 91 98 99 103 104 111 114 116 118 120 121 126 132 148 149 151 152 153 157 164 165 168 169 172 178 179 183 186 188 190 192 193 196 202 204 209 213 217 219 220 223 227 228 232 235 237 238 241 243 250 
3 7 8 10 13 17 19 24 29 30 32 35 36 41 42 46 54 56 60 63 64 71 74 84 87 88 90 101 102 108 109 115 118 121 125 128 130 134 136 138 139 147 148 150 152 160 161 164 168 169 172 178 180 181 185 190 191 193 194 198 201 203 210 212 215 216 218 223 226 228 230 234 235 237 238 239 241 243 247 249 250 
2 4 5 6 10 15 16 17 18 20 21 27 31 32 33 41 43 46 48 49 51 54 59 60 62 63 67 70 72 74 79 82 86 90 95 97 100 101 103 109 110 116 122 128 129 131 136 139 140 142 144 147 148 152 158 159 166 169 179 180 187 188 192 193 195 197 199 202 203 206 207 208 210 216 221 224 227 232 237 240 246 247 249 250 
8 19 23 24 26 29 31 35 36 38 42 43 44 47 50 53 56 57 64 66 67 70 71 75 77 81 83 85 89 90 91 92 93 98 100 106 109 110 111 112 119 120 121 122 125 126 127 129 131 139 141 142 143 150 155 157 158 161 163 164 165 171 172 174 180 187 188 192 195 201 206 208 211 215 228 230 231 234 237 238 239 240 242 244 247 250 
3 4 5 7 8 9 10 11 13 14 17 18 29 30 31 35 43 46 47 49 50 51 52 56 65 66 68 69 75 77 80 81 84 85 86 89 93 95 96 104 106 107 108 110 111 113 114 116 121 123 124 135 138 141 146 147 149 152 158 159 163 164 165 166 172 173 180 183 188 194 198 199 200 201 202 203 204 207 208 209 211 212 216 217 218 221 222 232 236 239 240 
2 4 5 6 14 18 20 30 31 34 35 39 45 46 51 53 55 64 66 68 71 72 73 75 78 79 80 81 83 88 89 91 94 96 99 101 107 108 109 111 115 121 132 134 139 141 147 149 150 151 157 159 163 166 173 176 178 183 187 188 198 199 200 203 208 212 213 215 216 218 221 223 225 226 227 245 
2 4 6 7 12 14 15 16 17 20 23 24 26 30 31 41 42 43 44 48 49 52 54 58 63 64 65 67 69 71 72 75 76 77 79 85 86 91 97 99 101 103 105 108 109 110 114 115 118 121 125 126 127 130 137 143 145 146 150 151 154 161 163 167 173 175 178 180 181 187 190 192 193 195 200 202 204 207 210 211 212 213 215 220 222 227 229 230 233 234 235 236 243 244 246 248 250 
2 3 5 12 15 16 19 21 22 25 26 34 45 47 51 58 63 65 67 70 77 78 80 83 90 91 94 96 108 113 117 118 120 122 129 131 132 138 142 143 147 148 155 164 168 175 177 182 184 185 188 191 195 198 200 208 217 223 226 227 228 231 233 235 236 240 241 245 248 
3 6 13 16 18 25 26 32 33 34 40 41 42 46 47 49 52 55 57 59 61 63 64 66 68 72 74 75 76 77 80 83 84 85 87 89 92 96 97 101 109 112 115 118 122 124 132 135 139 144 154 164 167 169 170 173 175 176 178 186 187 188 192 194 195 196 200 204 229 236 240 243 244 245 247 248 
2 6 11 12 13 16 26 28 30 32 35 42 43 44 46 53 54 55 59 62 63 65 67 68 71 72 79 81 84 90 91 95 97 103 105 109 111 116 120 124 127 128 132 134 136 142 145 147 150 154 156 159 161 165 171 173 174 175 176 177 178 179 181 182 185 198 205 206 207 208 210 211 212 213 217 219 224 225 232 234 235 236 242 248 249 
4 17 19 25 29 31 34 35 38 40 41 47 48 55 59 60 68 69 71 73 75 77 78 81 83 92 94 96 99 101 106 110 111 113 116 123 128 130 131 139 140 141 145 146 149 152 153 154 155 156 158 164 168 170 173 175 180 181 182 185 192 197 201 204 207 210 213 214 217 219 220 221 225 227 229 231 233 236 237 238 239 244 
6 8 11 16 20 22 25 29 30 33 34 35 37 43 44 46 47 50 58 60 61 62 63 65 67 68 69 78 82 88 89 90 97 98 101 102 105 107 109 114 115 122 124 127 133 138 139 140 148 151 156 159 162 164 166 167 170 171 180 192 194 198 199 202 207 208 210 215 217 227 228 230 231 234 235 237 238 246 247 250 
1 2 5 14 16 18 24 25 28 29 33 36 48 53 57 58 60 61 62 63 65 69 71 75 79 80 83 85 87 93 97 98 100 102 103 112 125 128 131 135 144 149 155 156 161 162 170 174 180 181 184 188 189 192 195 199 214 222 232 234 236 240 241 242 245 246 248 250 
4 5 9 15 16 23 26 27 32 36 37 39 43 44 45 47 50 58 62 68 69 71 74 78 88 89 92 94 98 100 102 105 106 111 112 113 120 123 142 145 146 149 153 165 167 168 169 170 173 175 178 181 183 193 197 198 200 203 223 231 235 237 238 240 241 245 249 250 
2 3 8 14 15 16 21 25 30 32 36 39 40 41 43 44 45 48 52 57 58 60 61 62 63 69 73 75 76 87 88 93 102 103 104 108 120 123 125 126 128 129 134 135 136 138 143 154 159 162 163 164 170 171 175 177 180 186 188 191 199 202 203 205 212 216 217 218 219 225 226 230 233 239 241 242 247 250 
1 5 6 7 8 16 18 30 31 36 41 47 51 52 54 56 58 59 68 72 73 74 76 81 85 88 95 105 108 112 114 118 119 123 127 128 135 138 140 141 142 143 144 147 149 150 154 156 163 165 170 171 173 176 179 181 182 186 191 198 201 203 211 213 215 221 225 227 239 240 247 250 
3 7 12 14 32 38 39 40 41 42 43 44 54 55 61 67 68 78 84 85 88 89 90 92 93 94 97 101 102 105 106 108 109 110 111 128 130 133 135 136 148 149 158 162 168 178 181 183 184 186 187 196 200 202 206 208 214 224 225 227 228 230 238 246 250 
2 4 14 16 18 21 22 23 25 26 27 28 29 32 35 42 48 54 61 62 63 66 69 71 76 78 80 85 97 99 102 103 107 108 112 113 116 126 127 129 131 133 139 142 145 148 152 156 159 166 168 169 171 172 173 175 177 178 183 188 189 191 194 197 200 201 202 204 205 211 215 216 217 219 225 235 237 241 242 243 247 248 250 
2 3 6 10 13 18 20 30 33 37 38 39 41 43 44 46 47 52 53 55 62 63 64 68 70 72 74 75 79 80 82 84 87 88 91 92 96 101 109 115 118 119 120 126 127 128 134 135 138 140 141 144 147 152 156 163 166 167 175 180 184 187 190 197 199 200 206 207 209 210 219 222 223 224 225 232 233 234 240 241 245 246 247 248 
1 5 6 7 8 9 20 21 22 24 26 33 36 37 39 40 43 44 45 50 52 54 55 56 59 61 62 63 68 73 84 86 91 92 96 97 99 102 103 109 113 114 116 126 134 135 136 137 138 153 160 163 165 166 169 170 171 173 180 190 197 200 206 208 211 214 216 218 224 226 230 231 232 234 241 243 246 250 
11 14 15 20 24 27 29 39 44 52 61 65 73 79 86 91 94 96 97 106 108 111 117 119 126 128 132 146 147 148 149 150 156 157 159 164 171 175 179 181 192 193 196 209 211 217 219 223 224 226 228 231 235 236 237 244 245 246 
5 8 16 19 24 25 29 34 36 40 45 46 47 55 59 63 68 70 72 77 80 82 86 87 88 89 90 91 99 105 108 111 119 122 123 124 125 129 135 137 138 140 147 148 158 159 162 169 170 172 175 176 177 181 182 186 188 189 191 193 194 198 199 200 203 205 206 207 209 213 214 218 222 224 226 227 231 232 233 234 235 236 240 244 247 249 
4 11 25 29 31 36 37 44 52 55 60 63 64 65 75 79 80 81 85 86 89 90 92 94 96 101 103 108 111 114 116 120 122 123 128 129 132 135 137 138 140 144 149 150 151 155 157 158 160 161 169 170 177 179 191 194 201 204 207 208 212 214 216 219 220 223 225 227 228 243 244 246 247 
2 3 4 5 8 10 16 22 23 24 26 35 36 37 38 45 46 47 48 49 53 55 60 62 67 69 70 73 75 77 78 84 87 90 92 98 104 106 107 114 115 117 119 120 121 123 125 127 129 133 134 135 138 139 143 145 147 151 164 178 180 181 183 186 189 191 192 195 196 199 208 211 219 223 224 228 229 230 238 250 
1 5 7 9 12 13 14 19 27 29 31 35 36 39 42 46 51 61 63 65 74 75 78 88 90 92 93 96 99 103 104 107 108 112 119 122 126 127 128 132 133 135 136 138 140 141 145 152 157 167 168 173 177 178 180 181 182 183 184 191 197 199 201 202 203 204 209 223 227 228 234 239 240 244 248 
2 4 8 9 10 11 12 18 22 23 26 27 28 31 33 43 47 49 56 62 65 68 69 74 79 80 81 84 87 91 92 94 100 103 106 111 115 121 134 135 136 138 140 142 145 146 147 149 153 154 155 156 157 158 159 165 166 167 168 170 173 177 178 179 184 185 193 195 198 201 202 204 206 217 220 226 228 235 237 242 243 245 246 247 
1 3 7 14 16 20 21 23 25 26 31 34 36 38 39 44 46 50 53 54 60 62 63 64 66 69 73 74 75 77 87 88 93 99 101 104 107 108 112 115 117 122 132 137 138 144 146 148 150 151 152 156 160 161 162 169 170 174 179 185 189 191 196 200 204 205 206 207 208 210 212 217 219 221 222 225 226 227 229 230 231 237 246 247 
2 6 9 10 13 18 25 29 32 35 36 38 39 40 41 44 45 47 52 53 57 61 71 73 74 76 79 83 85 86 91 94 98 99 102 103 105 110 112 113 114 125 127 129 131 135 136 139 140 141 144 146 152 154 157 159 161 163 173 177 178 182 189 193 195 196 198 200 201 202 203 207 209 213 217 219 221 228 230 232 241 243 247 
1 3 4 5 8 11 12 15 17 18 19 20 23 26 28 29 33 37 38 45 48 49 62 64 65 66 72 78 80 81 85 89 92 93 94 102 104 116 121 122 128 129 140 143 147 155 158 165 168 173 175 180 182 183 186 187 188 190 194 203 205 209 215 221 223 224 231 232 233 234 248 249 
3 4 17 18 22 27 28 30 33 35 38 41 42 46 50 52 55 57 58 63 64 67 68 70 71 75 76 78 79 82 89 91 93 103 106 110 114 119 123 124 128 130 140 141 142 150 154 155 168 171 180 181 183 186 188 194 195 208 209 210 211 213 215 219 221 234 235 244 245 247 250 
1 3 5 6 8 9 11 14 18 21 24 29 30 40 47 51 52 53 55 68 74 78 80 84 87 88 93 97 100 102 103 104 109 113 117 119 120 121 123 124 126 127 128 129 130 132 136 137 138 144 145 147 149 150 151 158 160 162 171 177 180 181 189 194 196 200 206 207 208 209 210 211 212 217 221 231 235 238 241 242 243 249 
4 6 7 9 10 13 14 16 18 19 28 31 34 37 38 40 48 49 50 52 55 60 62 63 66 70 73 74 76 79 81 85 86 87 89 90 92 93 94 95 99 100 101 104 106 107 114 119 121 124 129 130 132 135 137 140 145 151 153 156 158 166 168 174 178 182 183 186 187 190 191 196 197 199 203 208 210 216 221 223 227 229 230 231 232 238 244 247 
2 5 6 10 11 17 20 23 29 30 31 32 34 38 39 42 57 60 61 62 72 79 89 91 94 98 99 100 102 111 124 126 127 131 135 136 142 144 148 149 151 157 159 160 161 163 166 173 175 177 181 182 185 186 189 190 192 196 197 198 200 206 208 209 212 215 216 224 225 226 236 237 240 242 243 244 248 
1 4 7 8 10 11 16 21 23 24 25 27 29 30 35 37 40 47 52 53 55 59 65 69 76 77 82 87 90 92 94 96 98 103 106 109 112 116 119 120 123 124 126 127 128 129 130 131 135 140 147 150 152 158 159 160 161 167 168 170 171 174 178 179 181 182 186 190 191 199 200 201 202 205 206 215 216 217 219 220 221 222 224 225 227 231 233 238 239 240 241 245 
4 19 20 21 28 29 31 33 35 40 42 44 45 47 49 52 55 57 59 60 62 63 64 67 68 71 77 79 81 86 89 92 96 97 98 106 107 108 110 113 115 116 122 128 132 143 144 148 150 155 159 162 163 166 168 169 176 177 178 179 180 184 187 188 193 194 195 196 200 203 204 208 210 211 217 218 223 225 226 227 232 233 236 237 239 246 247 248 
2 3 12 20 23 26 29 30 35 38 45 46 48 52 56 57 59 64 66 72 77 78 79 85 86 89 93 94 98 99 103 104 107 115 116 120 123 126 127 129 130 132 133 134 136 138 145 148 150 153 173 189 190 191 196 201 202 205 206 209 211 216 223 226 227 231 235 238 240 242 243 246 247 
6 7 13 22 25 27 33 40 41 42 43 45 47 51 52 53 55 67 69 71 73 75 76 78 88 93 94 98 101 102 103 108 109 110 115 120 123 129 132 134 144 146 147 148 149 151 157 165 181 185 191 197 198 207 209 211 212 213 214 215 220 223 224 225 226 229 239 241 245 249 
2 3 24 27 28 31 37 40 42 43 49 53 54 59 62 63 64 65 67 68 69 74 78 80 86 88 92 97 99 100 102 107 108 112 114 118 120 122 130 134 137 145 146 148 149 152 153 154 161 167 168 169 171 177 178 179 180 186 187 191 202 219 224 231 232 233 234 236 237 238 240 241 243 
6 7 11 14 17 20 21 22 30 33 36 40 51 58 59 64 67 68 70 85 90 92 102 103 108 111 112 119 120 128 133 139 145 151 152 154 160 161 163 168 171 174 175 176 177 178 179 186 187 188 190 191 196 198 201 202 205 206 207 209 212 214 216 221 222 223 224 231 232 241 243 245 247 
1 9 13 15 16 18 21 22 23 26 34 36 37 39 41 44 46 47 48 50 53 57 58 60 62 66 68 73 79 81 87 88 91 93 94 98 103 107 113 117 120 123 127 131 132 135 137 139 141 145 153 156 160 162 165 166 170 173 189 190 191 193 198 200 201 205 208 209 213 216 220 221 222 227 228 230 234 235 243 245 248 
2 3 4 6 14 16 18 22 23 29 32 37 43 47 54 56 58 60 64 68 75 87 91 100 111 114 115 118 122 128 129 130 135 136 140 142 143 144 147 148 149 152 156 159 172 175 178 181 186 187 190 191 192 193 197 198 202 205 207 208 212 214 215 216 221 222 225 228 229 231 232 237 245 247 
2 5 6 7 10 13 16 24 26 28 30 31 32 34 43 44 45 46 49 53 57 58 60 61 66 68 69 70 73 76 77 78 82 83 89 90 92 93 94 99 100 103 109 111 115 118 125 130 131 132 141 142 148 151 152 153 154 156 158 159 165 168 172 183 188 191 195 196 197 200 203 207 218 226 232 235 238 240 241 242 243 249 250 
2 3 4 10 11 17 22 23 32 38 40 42 51 52 53 56 60 61 62 69 74 78 83 85 92 93 94 95 103 106 107 109 110 112 114 120 123 125 126 128 130 133 135 138 141 145 158 159 161 163 166 167 175 177 178 185 186 188 196 198 204 205 210 216 219 220 223 224 228 230 232 234 235 236 238 239 246 
1 7 14 16 17 19 22 23 27 31 37 39 46 48 51 54 56 58 62 66 67 71 75 77 81 83 84 91 92 94 95 97 101 102 104 105 106 107 112 116 121 122 125 126 131 137 139 140 141 142 145 146 149 150 151 154 155 156 158 161 163 164 167 171 175 179 181 184 185 196 199 200 202 218 223 225 226 230 232 233 235 237 240 241 243 245 247 248 250 
9 11 14 15 25 27 28 29 34 36 42 45 52 54 56 57 65 68 71 72 73 75 77 83 92 95 97 99 103 104 105 109 110 115 117 118 120 121 125 127 130 135 137 141 142 145 148 150 151 153 154 156 158 163 166 167 169 171 174 175 180 184 188 189 190 194 197 199 200 209 213 217 218 219 222 227 228 230 232 233 236 240 241 242 243 244 245 249 
3 5 9 10 12 13 18 19 20 29 30 31 32 35 44 50 51 55 57 58 61 62 63 64 68 69 70 75 80 82 84 90 92 93 94 96 98 99 106 108 110 111 114 120 125 127 131 134 135 138 139 140 148 149 158 160 161 164 168 174 175 176 181 188 193 195 205 208 209 211 213 215 223 224 225 229 240 243 248 250 
1 2 4 6 15 21 22 23 25 32 41 42 43 44 47 50 51 55 56 57 63 64 66 71 73 74 75 76 77 78 80 83 85 87 88 90 91 93 94 96 97 102 105 110 111 116 127 128 131 135 136 137 141 143 146 148 149 157 166 175 184 187 189 191 192 194 198 199 200 211 216 218 225 227 228 229 231 232 235 239 240 242 244 246 248 
1 2 3 7 8 11 26 29 30 31 32 34 39 46 50 52 55 58 59 60 62 64 69 70 71 77 79 82 83 85 90 96 103 105 106 107 109 115 122 123 129 131 132 138 142 143 145 146 154 161 165 166 167 173 174 176 182 183 184 187 190 191 205 206 208 209 210 213 218 224 225 228 229 231 234 235 237 238 240 241 250 
2 3 5 7 8 14 21 27 29 36 43 48 50 54 55 57 58 61 63 68 78 79 83 88 94 101 103 105 115 118 124 130 136 140 142 144 146 149 154 155 158 160 168 171 172 173 179 182 185 190 194 196 199 200 204 206 208 210 218 223 228 232 235 237 241 243 245 247 248 249 250 
9 11 12 14 17 23 27 28 29 30 32 36 41 45 47 55 57 58 71 72 75 82 84 87 88 91 92 94 95 104 111 113 114 115 119 120 130 132 134 142 143 146 148 149 152 153 157 164 165 168 173 174 181 185 188 192 194 195 201 202 203 205 207 214 215 217 218 219 223 224 225 226 228 229 230 232 238 240 241 242 244 
2 3 5 7 9 12 15 21 22 26 30 35 39 46 48 51 54 58 66 67 72 74 76 77 82 88 94 96 98 102 103 108 112 115 117 127 130 133 134 139 148 153 159 167 168 169 171 172 176 177 180 181 182 188 191 192 194 196 199 201 209 218 225 226 228 230 231 232 234 236 241 242 244 246 
2 5 7 12 17 23 31 36 37 42 46 48 49 50 59 63 66 67 69 73 74 75 77 78 80 83 84 88 90 93 97 104 114 115 116 117 120 122 123 125 130 131 136 144 145 146 148 149 157 158 159 160 164 166 175 179 181 189 194 196 198 208 211 227 228 231 241 242 248 249 
4 6 15 17 20 25 31 36 37 40 41 43 44 54 55 56 61 69 75 78 80 85 87 88 91 92 99 102 105 108 110 125 127 129 130 132 137 141 151 154 156 166 167 168 169 170 172 173 175 177 178 180 183 186 187 189 195 198 200 201 202 204 208 209 212 220 221 225 228 238 240 243 244 
4 12 14 17 20 21 23 24 26 28 29 30 33 35 37 40 43 47 50 53 57 59 67 73 74 76 77 79 80 82 90 91 97 101 103 107 108 109 115 121 126 127 130 133 135 136 138 146 147 148 149 150 153 156 160 164 165 167 173 174 178 183 185 189 191 192 193 197 198 199 200 201 205 208 210 212 213 214 218 223 225 227 230 236 241 246 248 
1 8 9 11 27 28 29 32 41 42 49 50 53 54 63 68 75 76 77 81 84 86 91 92 93 94 97 99 100 101 103 104 107 109 110 114 116 119 122 125 126 130 132 137 138 139 145 146 147 155 156 161 166 167 169 172 173 181 184 185 186 188 191 192 196 206 210 211 213 216 217 219 221 222 227 230 237 241 243 249 
4 5 8 14 25 28 31 32 36 37 39 41 44 45 53 59 60 65 68 71 72 73 75 76 77 79 91 92 94 97 98 106 124 127 131 135 137 138 143 144 150 153 156 158 162 163 164 166 167 174 177 179 183 187 188 189 190 192 193 199 200 204 205 207 208 213 221 227 241 242 246 249 
6 7 8 9 12 17 19 20 22 25 31 33 37 38 43 47 58 59 61 65 66 67 68 74 81 84 91 92 94 96 98 100 101 102 106 108 111 114 117 127 131 132 137 138 142 143 147 148 150 152 159 162 164 166 167 168 169 171 172 174 175 178 179 183 190 191 193 196 199 200 201 203 207 208 215 216 219 223 224 226 227 228 234 238 239 240 247 250 
6 7 8 10 11 12 15 18 19 20 21 23 25 32 37 38 40 42 55 56 58 62 65 66 67 72 73 74 76 77 79 80 81 83 88 93 94 98 116 117 119 121 126 131 135 139 144 160 161 163 164 165 166 181 183 187 192 193 196 202 207 212 214 218 219 222 223 231 235 242 246 250 
1 3 4 7 11 14 28 29 31 33 35 38 39 41 44 47 49 50 57 58 59 62 63 65 73 78 79 81 82 85 86 88 89 93 94 98 100 101 102 104 108 109 110 111 119 120 123 124 132 137 139 143 147 148 149 160 162 164 166 167 171 174 179 181 183 195 196 200 203 214 223 226 227 228 230 234 236 238 240 243 244 247 250 
4 5 7 9 14 15 18 21 24 26 30 34 35 41 45 47 52 53 62 65 66 67 75 76 86 92 94 103 104 105 106 108 109 112 113 115 116 119 125 128 148 150 154 156 158 160 161 162 163 167 170 173 176 181 184 192 193 199 205 207 211 212 218 219 220 223 230 239 241 245 248 249 
5 11 16 20 22 24 31 34 37 41 46 53 56 58 64 66 67 69 72 74 78 80 82 92 95 97 101 105 108 109 114 118 120 124 130 133 141 144 146 152 154 158 162 167 168 172 174 175 178 180 182 183 191 192 193 194 196 198 202 203 206 207 208 210 211 223 225 229 240 244 245 
4 5 6 9 10 11 15 18 21 22 26 27 30 33 37 39 42 51 53 56 65 68 80 82 83 86 87 93 94 95 97 98 104 107 109 110 116 122 123 124 130 136 137 139 144 147 149 151 152 156 157 159 160 161 162 163 167 171 172 173 178 180 182 186 195 196 199 201 205 207 209 210 212 213 214 215 216 223 225 227 228 231 233 234 235 237 238 239 248 249 250 
7 9 13 16 18 19 20 21 23 26 27 28 29 30 31 33 38 39 41 43 47 53 58 66 73 75 76 78 79 80 82 85 87 88 90 96 97 101 103 104 111 113 116 118 123 129 130 138 142 147 148 149 152 155 157 158 159 160 161 163 164 165 166 168 169 171 175 176 178 180 181 182 185 188 191 197 198 200 205 206 212 213 215 218 221 225 230 232 234 237 241 243 245 246 
3 4 6 9 11 21 25 27 30 31 32 36 38 39 44 46 56 62 65 66 67 74 76 77 81 83 85 86 98 101 103 105 106 112 115 118 121 122 129 130 133 134 136 138 139 142 143 146 150 153 154 155 157 161 165 167 176 177 180 187 192 201 202 203 209 213 217 218 219 225 231 233 234 242 250 
1 6 9 10 15 17 20 26 27 30 33 34 37 38 41 43 45 47 51 52 57 58 60 64 67 69 76 88 89 91 92 95 96 97 98 99 100 103 104 105 106 107 113 118 122 124 126 127 131 139 142 149 155 157 159 161 167 170 171 173 174 179 182 185 187 192 193 194 198 203 211 218 220 222 226 228 234 235 236 239 244 245 247 248 249 
1 3 12 13 25 28 31 34 37 43 45 46 47 49 51 58 59 62 65 70 75 76 77 80 82 84 90 93 103 113 115 116 117 118 119 120 124 126 127 130 131 138 144 157 164 169 171 178 180 182 186 188 190 192 193 196 199 200 209 212 213 216 222 225 226 227 229 230 232 241 243 248 250 
4 5 7 9 12 16 18 25 27 29 30 36 37 38 40 46 59 61 62 63 67 78 85 87 89 97 98 99 101 108 114 116 119 120 122 124 125 134 135 138 142 143 148 149 153 155 161 163 166 167 169 170 174 178 185 194 200 205 211 213 218 219 220 221 225 226 228 239 240 243 246 
3 6 19 23 27 30 43 45 46 48 51 58 59 63 64 68 69 70 76 77 83 85 93 96 97 99 100 101 105 106 108 109 122 126 145 146 153 155 157 159 161 165 166 175 176 178 181 183 193 194 196 197 199 200 202 205 209 213 216 223 225 226 229 232 233 236 239 241 243 245 
3 7 8 9 14 15 16 17 21 29 30 31 32 33 35 41 42 47 48 49 50 51 52 53 54 56 58 60 62 63 65 67 68 77 79 81 86 88 91 99 100 109 110 111 113 114 115 118 120 122 124 129 130 132 133 137 140 144 152 153 154 157 158 159 164 166 169 180 189 192 194 200 202 204 208 211 214 221 224 225 227 228 229 231 234 235 240 242 243 247 249 250 
3 4 5 7 10 15 18 21 29 34 37 43 46 47 50 51 52 53 56 59 60 64 73 74 75 77 80 81 82 83 88 89 90 94 95 96 97 99 101 104 108 114 117 131 136 138 143 149 150 152 154 158 160 161 163 165 169 171 176 177 178 179 180 184 185 187 189 190 194 208 209 215 218 220 222 226 234 237 242 243 247 248 
2 3 7 9 12 13 14 16 18 23 25 28 31 32 35 39 41 42 45 47 49 50 53 54 55 61 64 67 72 74 77 82 87 99 100 103 111 112 113 114 115 118 119 122 123 125 126 133 137 143 145 147 148 149 150 151 156 157 161 165 167 172 177 183 186 187 197 203 209 217 223 224 225 227 230 231 232 233 237 240 244 245 247 249 250 
2 3 5 6 11 12 13 15 24 26 31 35 37 38 39 43 51 54 55 61 64 65 69 70 71 72 75 76 88 92 93 98 101 110 113 114 120 126 139 143 150 152 155 164 167 168 172 174 180 181 182 188 190 192 193 198 199 207 213 214 215 218 219 220 221 223 224 226 230 234 237 239 241 249 250 
4 5 12 16 18 21 22 23 26 29 32 34 38 45 52 55 56 58 64 69 70 74 75 76 79 81 85 91 92 112 114 119 122 126 127 129 130 132 135 137 139 142 143 147 155 157 160 168 174 175 178 180 183 185 187 190 191 195 200 214 223 225 232 243 244 245 246 247 248 249 250 
3 8 10 13 14 17 20 25 29 44 55 57 60 62 64 65 66 71 72 73 74 77 78 80 84 85 86 87 89 92 101 105 106 110 111 113 114 118 121 122 128 129 130 132 136 138 139 142 143 145 147 157 158 161 165 166 167 170 171 172 174 177 186 188 193 196 198 199 201 204 205 206 207 209 210 213 214 218 219 227 231 233 234 243 244 246 247 
2 4 11 14 15 16 17 19 20 23 24 26 27 32 35 38 39 42 43 44 45 46 47 51 54 55 59 62 63 70 74 75 77 79 83 85 91 96 98 105 107 114 120 125 127 130 131 138 139 142 143 148 153 156 160 161 163 169 174 183 185 191 197 200 201 202 209 210 212 213 214 220 228 232 233 235 236 242 245 248 249 250 
5 10 12 13 17 20 21 22 29 33 34 36 38 46 51 55 57 60 65 72 73 74 76 84 87 91 92 93 95 100 104 106 107 108 109 111 115 116 117 119 123 124 128 129 133 134 135 139 142 149 155 157 165 166 167 168 170 173 174 176 177 181 182 188 193 198 204 212 213 215 216 224 229 230 232 235 236 249 
3 4 5 6 19 20 24 25 27 30 32 34 36 37 45 49 51 54 55 57 58 61 62 63 65 69 72 77 78 81 83 85 87 90 92 97 100 101 106 111 114 115 117 118 120 121 125 126 128 129 134 135 137 138 141 145 148 150 154 155 156 159 162 163 164 167 172 176 180 184 186 191 192 193 195 197 198 201 202 206 208 211 216 218 219 221 226 231 232 234 242 244 245 247 249 
2 3 6 7 9 12 14 21 24 26 29 32 46 48 52 53 57 59 61 63 65 70 74 78 79 80 89 91 94 95 98 101 103 112 114 115 120 126 129 132 133 136 137 138 152 153 155 165 166 167 169 170 176 180 183 185 194 197 198 199 203 204 208 212 215 217 218 219 223 228 229 232 235 236 243 244 245 246 
1 3 10 18 23 29 30 35 37 38 46 49 52 54 57 58 60 68 69 71 72 79 81 85 87 90 93 95 99 100 104 105 109 110 118 121 122 128 129 133 134 136 146 152 157 158 160 161 162 163 165 172 175 177 179 182 185 190 193 194 195 201 204 207 209 210 216 218 221 226 232 240 244 246 
4 6 7 18 23 25 26 31 32 35 37 39 41 43 45 46 47 49 50 51 52 53 56 57 58 61 63 66 69 75 81 85 87 94 95 100 112 117 121 123 129 130 139 148 149 151 152 159 164 174 181 190 195 196 198 201 204 209 214 218 219 220 221 222 223 224 226 228 229 233 234 236 238 241 243 246 247 
6 8 10 13 35 36 37 38 39 40 42 44 48 49 54 57 58 60 68 69 70 71 73 74 77 80 82 85 86 89 90 95 106 112 114 115 130 131 137 141 147 148 153 154 158 159 167 169 171 174 177 179 182 183 188 194 195 196 202 208 210 212 215 217 222 223 226 232 237 238 249 
7 10 11 13 18 22 24 25 28 29 33 35 42 47 50 56 57 58 59 65 66 69 71 72 73 75 76 81 86 87 94 95 96 98 101 105 113 119 120 121 126 128 133 134 136 137 138 142 143 145 147 157 159 166 170 175 178 181 187 188 197 205 206 209 211 214 222 226 229 234 244 246 247 
4 5 7 11 13 14 22 23 24 26 32 33 40 43 44 47 52 60 62 68 69 74 76 77 78 79 83 87 92 96 101 107 108 110 111 113 121 123 133 136 139 142 143 145 151 152 157 160 162 168 169 174 175 177 186 190 194 195 197 203 206 207 208 210 213 215 216 218 220 222 226 232 233 243 245 247 248 
1 2 5 7 8 10 11 12 13 15 19 22 23 28 30 31 33 41 47 51 54 56 63 66 79 80 82 89 100 101 103 105 107 108 109 110 112 113 117 119 122 126 133 134 139 143 146 147 149 150 154 155 159 160 167 170 176 178 180 185 186 197 198 199 203 206 207 208 213 216 217 219 228 230 231 233 234 237 240 244 247 
6 7 8 12 13 14 17 22 29 33 37 38 39 40 42 45 54 58 60 61 67 68 70 73 75 81 91 93 95 97 99 102 117 122 126 128 131 132 135 137 140 144 149 151 156 157 158 160 173 174 192 194 198 199 208 210 211 220 221 222 228 233 237 240 243 246 247 
3 4 6 10 12 16 19 24 26 27 28 31 32 34 36 38 40 45 46 47 48 50 64 66 67 69 70 71 74 75 78 84 85 87 91 92 98 99 103 105 106 111 123 124 133 136 137 138 140 143 144 145 149 152 153 160 161 170 174 176 177 183 184 187 196 203 204 206 207 209 215 216 219 220 221 222 223 226 228 229 231 232 233 234 239 240 242 245 249 
2 6 9 13 15 22 25 27 29 31 32 33 36 39 45 46 47 50 59 61 63 66 70 71 72 76 77 78 82 87 92 93 94 96 98 104 106 112 119 120 122 126 127 128 129 131 136 138 140 141 142 143 144 145 146 151 152 155 158 159 161 165 167 177 179 181 192 194 196 198 201 204 207 209 213 214 216 229 230 233 234 238 241 247 249 
2 3 12 14 25 28 32 33 35 37 41 42 53 70 72 75 80 84 87 88 91 94 95 97 99 103 105 107 108 111 113 115 116 117 125 128 137 145 151 154 155 158 159 160 162 164 165 168 169 170 173 176 181 189 191 195 202 204 207 209 210 211 215 216 220 222 223 224 225 229 238 240 241 242 243 244 
1 2 4 18 21 24 29 31 33 35 37 40 41 56 62 68 71 72 75 78 82 84 86 87 88 90 92 94 103 105 106 107 111 118 125 126 130 132 139 144 145 150 158 160 161 162 164 165 169 170 172 176 178 180 181 183 197 198 202 203 205 216 220 221 231 232 237 240 243 250 
3 5 8 11 13 19 22 27 33 35 45 46 59 61 62 64 68 75 78 86 92 93 99 100 101 104 106 109 113 116 122 126 127 133 134 135 139 149 151 153 154 155 156 165 169 171 172 173 174 182 183 185 187 189 191 198 202 204 205 210 211 212 213 214 215 216 217 218 219 222 224 232 234 236 237 239 242 248 
2 3 8 12 14 15 16 19 31 34 39 41 44 49 50 52 54 56 58 59 60 62 64 66 68 73 75 78 81 82 87 88 89 91 101 102 103 107 108 111 112 113 117 128 130 132 134 139 146 150 154 157 163 166 177 181 183 184 185 187 192 200 204 205 206 212 214 220 225 227 230 235 241 242 243 247 
1 4 6 11 12 13 14 28 29 31 34 35 39 41 44 46 51 57 59 68 71 72 75 76 77 79 85 88 93 98 105 113 121 125 128 131 132 135 136 137 139 140 143 146 147 148 153 155 156 159 161 162 163 165 166 170 172 178 184 185 190 191 197 198 202 204 206 207 208 210 211 217 219 226 228 230 233 237 239 240 241 242 
5 13 16 17 20 21 25 41 42 48 49 51 53 58 62 63 68 70 71 80 84 86 88 89 90 93 99 101 103 107 115 118 122 123 124 129 136 137 141 145 146 149 158 167 172 175 179 181 182 186 187 188 193 196 202 203 216 217 218 219 224 228 229 235 236 237 238 244 246 248 
3 5 6 8 10 12 15 17 21 23 24 25 29 31 33 36 37 41 46 52 55 58 62 63 65 69 71 78 82 83 97 98 99 102 104 106 109 110 112 114 116 118 120 126 130 132 137 141 143 144 145 147 151 156 157 158 165 167 169 176 178 180 181 182 184 188 189 191 193 194 196 199 208 209 215 218 219 221 225 226 229 232 233 234 235 237 245 246 247 
1 3 4 7 11 12 15 19 20 22 25 26 27 30 32 36 37 40 44 57 62 70 74 79 81 82 97 100 103 107 109 110 116 117 119 123 126 128 129 136 138 148 149 151 153 155 158 160 161 164 166 170 172 176 178 182 188 189 198 201 202 203 204 210 211 213 215 216 221 222 226 228 229 233 237 242 245 248 249 
1 2 5 7 10 12 16 19 25 28 30 33 42 43 57 58 59 62 63 66 71 80 82 85 86 87 88 91 93 94 95 96 98 109 110 111 112 113 118 121 122 123 124 126 131 132 135 137 138 139 144 146 148 149 151 153 157 158 160 161 163 167 170 171 172 173 177 179 195 201 210 213 214 217 220 222 223 233 239 243 248 
1 4 8 14 16 17 25 27 33 35 36 37 38 40 45 46 48 50 60 61 67 68 71 73 80 86 88 90 97 98 106 108 109 115 120 122 127 129 130 132 138 140 143 144 154 155 157 158 161 166 168 178 179 181 183 184 191 199 200 204 210 214 218 219 223 226 229 230 231 247 248 
4 9 10 12 18 21 24 34 37 42 46 47 48 60 63 66 69 70 73 75 85 89 92 99 102 105 107 109 111 116 119 121 122 129 130 132 138 140 142 143 145 148 154 157 162 165 168 172 173 179 181 185 192 193 194 196 197 199 204 206 207 210 211 213 217 224 229 230 231 237 238 239 240 241 242 243 244 245 246 247 
2 3 4 6 7 10 18 19 20 36 37 39 40 41 48 51 52 57 61 63 64 79 83 84 87 91 92 94 95 96 97 98 101 102 103 106 107 109 110 118 119 120 126 129 132 133 136 139 146 154 161 163 165 168 169 175 182 187 188 190 193 197 199 206 207 208 216 217 218 219 224 230 231 232 241 244 245 246 
9 11 14 15 25 26 27 29 33 39 41 56 61 62 65 66 67 70 81 84 85 86 88 89 90 93 105 109 111 113 115 122 127 129 130 131 139 147 153 157 160 173 178 180 182 183 184 190 191 192 194 195 196 199 201 202 208 209 212 216 235 236 238 239 242 245 247 250 
3 5 9 12 13 16 18 21 23 25 29 31 33 37 38 40 41 50 56 59 60 61 63 67 68 69 70 73 75 78 82 83 84 85 86 89 91 92 97 103 114 119 122 126 131 133 138 140 143 144 145 147 150 152 154 158 160 164 166 167 171 172 178 186 193 194 195 206 209 213 214 215 216 217 218 220 227 230 231 237 239 241 243 244 247 249 250 
2 5 6 7 10 12 13 14 15 16 17 19 20 28 31 33 34 35 36 39 44 46 48 50 52 53 54 63 66 70 71 76 84 87 91 98 99 103 104 107 108 114 121 123 124 126 130 131 135 137 138 140 143 152 153 159 165 167 178 181 186 187 188 190 195 196 202 203 205 208 212 214 218 219 220 223 225 226 227 228 234 236 237 239 245 246 250 
1 2 6 12 14 20 23 24 25 28 29 31 32 33 38 39 40 42 43 49 51 54 56 63 65 71 77 78 81 84 86 89 92 93 100 103 107 109 111 114 115 116 123 126 127 131 132 135 141 143 145 146 154 160 161 162 164 165 166 176 178 183 187 188 190 191 192 196 202 203 211 214 215 226 227 229 230 238 243 246 248 250 
1 3 5 14 15 17 18 19 23 24 29 30 33 38 40 42 48 49 50 60 63 67 72 76 77 79 81 87 92 101 102 107 108 109 110 112 114 116 121 124 127 128 131 134 135 136 137 139 144 145 150 152 153 156 157 158 160 161 165 173 174 181 182 185 187 188 189 196 198 203 204 206 215 216 217 221 222 223 229 234 236 239 243 244 245 246 247 248 
4 9 16 18 20 21 22 29 30 31 32 34 44 53 62 65 66 67 72 73 74 78 86 94 101 103 104 105 109 123 125 126 129 132 133 134 135 137 140 141 143 144 149 150 152 155 157 166 168 170 172 174 175 178 179 183 184 186 190 191 192 198 204 205 211 213 214 215 218 222 224 233 234 235 244 246 248 250 
1 6 7 9 14 19 20 22 24 30 31 32 33 38 41 42 44 46 47 48 50 54 55 57 75 78 80 82 86 89 94 99 103 106 107 111 114 115 116 123 131 134 135 136 139 147 152 153 158 159 165 166 178 179 183 185 187 189 192 194 196 199 200 201 202 213 222 223 224 226 232 233 234 236 239 241 249 
1 5 9 16 17 20 22 26 28 30 33 40 41 51 59 65 67 70 72 77 80 82 88 89 97 98 99 100 101 108 109 111 114 120 122 124 125 128 134 135 139 140 141 150 151 156 159 164 165 169 171 173 181 186 189 192 194 196 199 202 207 209 212 213 218 229 230 240 241 242 246 248 249 
8 11 12 15 19 20 30 31 35 36 37 46 47 50 52 56 64 79 80 81 84 92 94 99 101 106 109 110 111 114 119 127 131 135 137 141 143 145 157 158 162 164 166 167 170 179 180 182 185 194 195 204 206 211 213 214 215 218 221 233 236 242 
3 5 7 9 11 12 15 21 23 24 27 28 29 41 42 44 45 46 49 50 55 58 63 64 70 73 74 75 77 80 85 90 95 98 99 105 110 111 114 115 120 126 132 134 141 144 149 150 152 158 159 160 166 167 168 170 171 172 176 178 179 180 187 188 191 194 199 200 202 205 209 210 211 212 216 218 220 224 231 234 239 240 243 244 245 248 250 
4 6 8 9 10 11 12 16 17 18 19 22 25 32 36 41 44 46 49 55 63 65 69 74 75 83 84 90 91 93 94 96 97 99 101 104 115 117 121 124 126 127 141 143 145 154 158 162 163 166 173 176 177 178 179 184 186 191 194 195 200 201 205 206 207 209 212 215 216 217 224 228 229 240 245 247 248 249 
2 8 9 14 16 19 22 27 33 37 45 47 49 50 53 54 55 61 63 64 71 82 83 85 86 89 93 97 100 104 106 108 110 111 116 120 122 133 134 137 138 141 145 150 154 161 166 167 174 176 180 182 185 187 190 192 194 198 199 205 207 208 209 212 214 216 221 230 234 237 243 248 
4 7 12 13 17 18 19 22 26 29 33 38 41 51 60 61 67 72 73 76 77 79 80 84 90 91 93 94 100 102 104 106 107 109 110 119 122 124 127 136 137 138 140 143 144 145 147 151 159 161 166 170 172 180 181 183 187 188 190 191 192 193 194 197 199 203 204 205 208 213 214 215 222 223 224 228 233 235 239 241 246 247 
1 3 4 6 9 10 13 15 17 21 22 23 26 27 29 32 38 39 40 45 46 48 50 56 58 60 62 63 67 70 71 85 87 91 94 95 101 103 105 109 112 114 115 116 119 122 125 130 131 132 135 138 139 149 154 159 168 175 182 185 188 194 196 197 200 202 203 205 208 214 218 222 223 228 230 232 233 235 240 247 249 
4 5 15 18 21 27 28 29 39 40 43 51 52 55 59 65 67 68 70 72 73 74 75 76 77 78 86 91 92 96 100 103 106 109 110 119 124 126 139 146 148 149 151 152 153 154 155 158 162 164 167 168 169 171 174 176 178 181 182 183 184 187 194 197 198 201 203 205 206 209 211 212 213 217 219 223 224 228 230 231 233 234 236 237 240 243 246 248 
2 3 9 16 19 20 22 24 26 28 30 38 41 43 53 55 56 60 62 63 64 73 74 78 86 89 90 92 95 101 104 105 114 115 119 122 123 125 127 128 131 132 134 138 142 147 149 154 159 161 162 164 168 171 176 178 181 182 184 188 190 194 196 197 198 201 203 206 218 224 228 229 240 242 243 246 248 250 
2 4 5 6 8 9 10 18 21 24 29 33 34 37 38 51 53 64 68 69 70 71 72 73 75 76 81 85 91 92 96 97 98 99 100 101 102 105 111 115 127 130 138 141 144 147 157 164 169 171 174 176 179 184 187 189 190 192 193 195 200 205 206 213 223 229 230 238 241 242 247 249 
3 8 10 11 14 16 17 20 24 25 34 36 41 44 54 61 62 64 65 67 71 77 78 80 88 90 92 93 95 96 98 99 103 104 107 109 110 115 120 131 132 133 134 135 136 138 143 144 145 157 159 160 167 171 173 176 181 183 184 189 190 193 198 199 208 212 215 222 224 226 229 231 236 237 248 249 
1 2 7 8 9 11 14 17 18 19 20 22 24 25 26 34 41 45 54 60 62 64 74 76 77 79 80 85 89 102 104 109 111 117 123 126 131 138 143 144 145 149 159 162 169 170 174 184 185 186 187 189 190 192 194 199 200 208 209 210 216 217 221 223 226 233 236 237 239 245 248 
1 7 8 10 12 17 18 23 28 29 30 31 35 36 44 50 54 56 66 69 71 73 75 78 80 81 82 83 86 88 90 93 98 103 105 106 110 112 118 123 125 127 128 129 133 136 139 140 141 143 147 148 150 153 154 158 161 162 163 164 165 166 172 175 176 177 182 184 185 190 192 200 201 206 208 210 216 217 218 220 222 225 227 228 230 231 232 233 236 237 247 248 
2 4 6 8 13 24 26 27 32 34 36 37 40 42 46 56 58 60 62 66 68 69 70 71 75 76 77 80 87 89 90 95 107 114 121 123 124 125 126 128 133 137 138 141 142 143 147 150 152 154 161 173 175 176 180 184 192 194 197 202 203 209 210 213 214 216 218 219 221 227 230 233 235 236 241 244 
4 9 10 11 12 13 16 17 18 21 26 27 28 33 40 41 49 63 64 65 69 71 72 74 79 83 87 91 92 95 96 97 98 99 101 104 110 114 115 119 120 121 122 123 127 131 137 138 139 141 145 148 150 151 152 154 155 157 158 165 166 167 168 170 171 172 173 175 177 192 195 198 206 223 230 232 246 247 
1 2 8 9 11 15 18 20 21 22 26 27 33 34 37 38 43 44 48 49 51 53 56 57 62 63 66 68 69 74 77 80 82 88 89 91 93 96 99 101 102 106 110 112 119 124 125 126 130 131 137 139 140 141 146 148 154 155 161 163 169 170 171 172 174 176 181 183 184 185 186 187 190 196 198 199 201 206 207 210 221 222 228 233 234 235 237 238 240 245 246 250 
2 3 4 7 9 10 18 19 27 29 30 32 34 37 43 45 46 47 49 50 51 59 61 64 67 75 78 80 86 91 92 93 96 100 105 107 110 111 112 115 116 120 121 126 127 129 131 136 138 139 140 144 149 151 156 158 159 160 161 163 166 170 173 175 178 195 205 206 207 223 224 229 231 235 237 240 241 245 247 248 
1 7 9 11 14 16 20 21 27 31 33 34 35 39 40 48 49 50 55 57 63 67 70 74 78 79 83 86 91 93 95 96 97 98 99 103 105 106 108 112 116 121 125 127 128 129 130 132 144 145 147 149 151 152 153 154 155 156 157 161 163 166 169 171 173 179 182 184 188 189 190 196 197 199 206 214 216 217 218 219 223 226 230 238 240 245 246 247 249 250 
3 4 17 20 24 27 28 31 37 38 43 45 51 55 69 70 71 72 76 83 86 90 92 95 99 103 111 113 115 128 131 136 141 145 150 151 152 154 165 170 172 173 180 182 184 186 190 191 192 197 198 199 201 202 207 208 211 214 219 220 221 227 230 234 243 244 247 248 
1 2 7 8 11 22 25 26 28 35 39 45 48 49 53 54 56 57 59 60 61 65 66 69 70 72 74 79 80 81 90 92 98 101 102 106 108 111 116 119 121 124 128 131 132 136 144 147 148 149 154 155 158 159 163 164 167 170 175 176 180 188 191 195 196 201 202 203 205 207 211 215 217 218 220 223 224 225 228 229 231 232 236 240 
4 7 11 13 14 17 22 27 28 32 34 35 36 38 43 44 47 50 53 54 57 58 59 60 61 66 67 71 73 75 76 79 81 90 93 94 97 98 103 108 112 115 116 118 124 125 126 131 133 135 136 138 140 142 143 145 151 152 155 156 162 166 168 173 175 178 181 188 190 193 201 202 203 205 213 218 221 223 227 230 236 239 
2 4 5 8 10 13 18 22 30 33 35 37 40 43 44 45 48 51 52 57 58 60 61 62 68 69 71 74 76 78 86 88 89 93 98 105 107 109 114 117 123 124 126 132 133 136 139 142 143 145 146 147 148 149 151 153 154 155 167 170 172 175 177 179 180 181 182 183 185 187 190 193 194 198 203 210 217 223 225 230 236 237 241 242 245 248 249 250 
13 20 21 28 31 32 33 36 43 45 46 48 52 57 60 64 65 67 69 72 73 76 77 78 80 84 92 96 99 100 103 104 111 112 115 119 123 126 133 138 139 142 148 149 166 168 172 175 178 179 184 187 188 189 190 191 196 198 199 200 209 210 212 216 217 218 222 223 224 226 234 235 236 248 249 250 
5 15 19 20 22 25 26 28 32 33 34 42 56 57 58 60 74 75 76 77 80 90 96 99 101 106 108 111 114 116 117 123 124 126 129 133 134 142 144 147 152 155 161 163 166 167 168 169 173 174 176 178 181 184 186 188 190 191 194 198 206 208 209 210 213 215 218 226 229 233 242 243 244 
3 8 11 18 19 30 32 37 41 46 52 54 57 59 66 67 76 78 82 86 90 98 103 105 106 111 112 114 116 118 122 125 126 130 134 135 140 144 146 147 148 151 152 153 162 166 169 173 179 180 182 195 197 198 204 209 216 217 224 226 227 233 238 241 242 246 
1 2 10 13 14 15 21 25 26 29 30 34 37 39 44 46 51 53 54 55 56 57 58 62 72 73 75 82 84 86 89 91 93 102 103 109 111 112 113 114 115 117 125 126 137 139 142 147 149 155 158 163 169 172 179 180 182 184 194 197 204 206 208 210 212 218 221 222 223 224 230 231 232 233 239 240 241 242 249 250 
5 9 13 14 15 19 22 27 29 39 40 42 50 51 52 55 56 58 59 60 63 65 67 69 71 73 82 84 89 90 92 96 98 101 105 106 107 108 115 116 118 122 125 130 131 137 139 142 145 148 152 153 159 166 167 174 175 176 185 188 189 193 194 196 197 198 199 202 205 206 215 218 221 222 223 226 227 232 246 
2 7 9 11 12 13 14 21 23 28 29 34 35 39 42 45 49 62 64 69 70 71 72 81 82 84 85 89 90 93 97 101 104 105 106 108 115 116 118 121 128 135 136 138 140 142 146 147 152 154 157 161 163 166 184 185 191 192 197 202 204 207 220 226 228 235 240 245 249 
2 5 6 18 19 21 28 34 37 40 46 48 49 55 61 66 67 72 73 75 78 80 86 90 98 99 106 108 109 115 119 120 129 138 139 141 147 151 161 164 166 169 171 172 176 190 194 196 200 202 204 205 206 208 210 213 216 222 231 236 243 
1 2 4 8 14 15 17 19 26 27 30 35 36 39 47 52 53 54 57 58 62 64 67 72 75 78 81 82 83 85 87 97 100 107 108 109 112 113 117 118 120 123 126 129 137 138 140 142 146 148 149 150 151 152 154 157 161 163 165 171 173 175 183 188 189 190 192 193 196 202 211 213 214 217 218 219 226 227 228 230 236 238 244 245 
10 17 20 24 30 31 34 40 44 45 48 63 64 68 69 70 72 74 75 79 80 82 87 89 90 91 93 94 99 102 105 106 112 117 118 119 122 123 124 132 135 138 141 142 143 146 148 149 152 153 154 155 156 158 159 160 164 167 170 172 176 184 191 192 195 196 202 203 205 210 211 216 220 224 227 232 235 236 243 245 249 250 
1 2 8 9 15 16 20 21 23 26 27 30 32 38 40 41 44 50 52 60 62 73 78 79 80 87 96 99 100 101 103 108 114 117 119 122 130 135 137 140 146 149 151 154 155 156 160 162 168 173 174 179 181 190 192 194 195 196 199 202 204 211 212 219 220 232 234 235 236 246 247 
3 9 14 15 16 17 18 19 24 25 32 34 35 38 47 50 52 55 56 57 58 59 66 69 72 78 81 82 83 89 97 105 106 111 113 122 124 127 130 132 135 137 140 142 143 144 146 148 149 150 153 157 159 163 167 170 171 172 173 174 177 178 182 184 187 189 192 193 195 200 202 205 207 208 213 215 218 219 229 234 239 241 244 249 
3 4 5 14 17 22 28 30 32 35 37 40 45 48 52 53 56 60 64 65 68 69 70 79 81 82 83 84 85 86 87 91 92 101 108 111 113 115 125 126 127 129 134 136 137 149 151 154 155 157 163 165 169 175 177 178 181 182 183 186 188 192 197 202 203 205 208 209 213 224 229 234 240 243 
1 4 7 8 9 15 17 21 25 26 27 28 31 33 36 44 47 49 51 54 68 73 75 77 80 89 93 95 100 103 110 112 113 117 118 123 125 130 134 138 141 143 144 145 148 149 153 164 165 167 169 172 175 177 179 181 182 187 190 198 199 202 203 204 206 208 213 214 222 226 227 228 232 238 240 241 250 
1 2 3 5 9 11 13 16 17 18 20 27 29 31 37 40 44 46 50 53 54 55 56 61 64 65 68 69 72 74 76 78 80 83 86 87 88 90 93 94 95 96 102 107 111 116 117 121 123 124 125 127 130 131 139 140 147 151 155 158 160 162 167 171 177 178 182 183 184 186 189 197 198 202 203 206 207 208 209 211 216 218 219 225 226 228 235 237 242 
2 3 7 11 12 14 25 27 33 34 42 47 48 51 55 56 57 60 67 68 73 74 76 81 83 87 92 97 100 106 107 108 113 116 119 120 122 123 126 127 130 131 132 134 136 139 140 143 145 148 153 161 163 169 173 174 175 177 178 181 184 186 187 188 189 191 195 198 201 202 204 205 208 214 216 217 220 223 225 227 228 229 242 
1 3 6 9 19 22 23 24 26 29 34 38 39 42 44 51 56 58 59 60 62 63 64 67 68 69 72 75 77 81 82 84 92 94 96 98 103 111 112 113 114 117 122 123 129 133 137 139 144 148 150 151 153 156 158 164 166 169 170 174 177 179 187 194 197 199 200 201 207 208 209 211 213 214 215 218 219 221 222 223 227 229 232 233 249 
1 6 12 13 21 25 26 27 29 30 31 33 40 42 47 52 57 60 66 67 68 70 72 73 75 77 78 84 85 88 94 95 98 99 103 106 107 114 118 126 133 135 141 146 149 153 156 159 160 164 166 169 173 175 176 177 179 180 181 185 190 191 199 205 210 211 214 217 220 221 228 232 233 236 238 241 243 248 
6 9 11 12 13 14 16 18 21 23 24 26 27 34 35 36 38 40 43 45 54 57 61 67 68 71 73 74 81 85 86 87 89 92 93 94 95 100 105 106 107 108 111 116 117 118 119 120 121 122 124 128 134 146 148 150 152 153 161 162 163 166 168 170 173 175 176 177 179 193 204 205 206 207 209 213 219 226 228 232 233 236 241 245 
