250 1283
30 80 84 209 245
4 19 37 51 82 85 95 106 133 139 165 203 222 245
52 63 86 101 146 157 189 194 197 202 215
2 9 40 58 64 83 93 124 148 173 181 214 222 239
17 34 49 56 62 156 170 179 188 223 226 231
37 151 153 154 191 198 215 219
10 50 81 90 95 113 134 138 154 163 211 213 224 226
23 81 96 100 113 124 158 232
4 110 115 175 210 227 233 249
7 21 67 96 98 101 105 119 161 164 176 240
21 83 140 201 202
50 62 63 68 119 150 169 176 194 199 217 225 234 249
49 50 59 88 90 92 114 162 164 213 220
27 60 133 139 142 144 169 179 181 193 202
33 91 138 183 202 239 247
56 119 156 161 224 240 244
5 42 59 103 121 130 131 165 193 216 225 228 232 244 250
38 44 66 98 106 114 120 135 140 142 202 212 249
2 30 34 50 62 70 88 112 140 143 146 167 222
38 116 124 149 197 209 236 244 247
10 11 64 87 146 200 201 235
53 109 203
8 28 36 67 81 89 91 100 144 149 188 197
44 100 153 158 168 242
51 68 105 145 146 155 195 224 225
66 76 129 140 169 200 224
14 33 58 77 86 134 138 151 163 181 190 221 245 247
23 81 185
88 99 128 154 165 220 238
1 19 57 62 78 88 122 126 156 170 226
54 91 138 182 185 231 232 247
36 66 77 80 84 102 104 119 208 244
15 27 35 48 49 55 140 156 170 197 202 227 249 250
5 19 39 73 125 128 185 192 231 234
33 43 45 70 84 92 129 136 172 183
23 32 55 58 72 89 100 124 227
2 6 72 128 129 188 229
18 20 53 60 95 120 143 209 228 236 239 243
34 74 82 87 89 111 117 208
4 43 53 56 59 110 145 154 188 227 230
80 81 82 99 128 147 202 242
17 44 58 79 87 100 120 141 153 195 213
35 40 51 60 70 85 96 111 141 148 230
18 24 42 68 83 105 124 137 178 195 240 243
35 55 115 165 186
65 74 119 121 134 199
101 114 185 196
33 59 64 66 96 112 141 147 165 182 216 245
5 13 33 53 111 138 143 156 172 203 220 227 243
7 12 13 19 56 68 92 102 119 127 137 140 160 169 172 206 232
2 25 43 135 145 153 164 170 171 185 222 234
3 68 93 116 162 175 180 181 190 237 244
22 38 40 49 131 174 184 214
31 71 78 82 125 156 168 180 196 203
33 36 45 58 90 109 117 136 142 152 196 250
5 16 40 50 100 110 148 181 221 229
30 64 101 104 146 147 172 186
4 27 36 42 55 59 70 81 85 120 121 125 140 141 143 166 218
13 17 40 48 58 78 160 199 226 231
14 38 43 73 158 209 217
82 118 124 170 174 188 215 219 220 233 235 243
5 12 19 30 72 96 121 165 179 245
3 12 65 106 203 216
4 21 48 57 91 97 125 134 227 230 246
46 63 80 130 150 152 160 164 169 188
18 26 32 48 67 103 104 115 133 146 170 205 208 213 227
10 23 66 87 97 100 127 163 168
12 25 44 50 52 78 79 120 121 122 136 160 161 181 208 244
94 110 141 147 170 175 211 246
19 35 43 58 74 120 204 206 213 223 226
54 72 77 102 107 116 210
36 37 62 71 109 126 127 129 162 233 249
34 60 113 139 149 210 234 241
39 46 70 77 83 152 154 156 186 189 203 205 248
132 178 184 219
26 123 127 140 165 168 186 232
27 32 71 74 115 124 127 145 146 161 191 223 233 236
30 54 59 68 100 129 142 177 194 196 221 240 248
42 68 94 103 109 142 144 172 178 195 213 239
1 32 41 65 125 138 187 206 213 236 246
7 8 23 28 41 58 104 114 133 196 205 209 239
2 39 41 54 61 86 90 115 144 219 220
4 11 44 74 94 96 117 149 170 209 226 230
1 32 35 93 101 110 112 115 116 151 193 205 241 244
2 43 58 92 142 158 184 200 206 227 239
3 27 82 92 107 136 153 168 173 178 187 191 197 223 232 244
21 39 42 67 127 240
13 19 29 30 130 142 155 211 229
23 36 39 104 111 139 164
7 13 55 82 103 143 159 166 167
15 23 31 64 99 107 112 155
13 35 50 85 86 105 110 131 141 149 160 165 248 250
4 52 84 133 135 148 171 174 180 189 236 247
69 79 83 134 175 201 221
2 7 38 136 168 226 227 229
8 10 43 48 62 83 138 189 221 223 249
64 67 124 130 133 150 170 215 232
10 18 106 200 225 235 242 244
29 41 91 121 144 192 210 216 228
8 23 24 36 42 56 67 78 113 134 145 151 156 182 196 203
3 10 47 57 84 105 135
32 50 71 129 156 224 235 248
17 66 79 90 115 129 167 177 198 214
32 57 66 81 89 118 136 151 163 173 174 190 250
10 25 44 92 101 109 116 147 159 206 248
2 18 63 98 125 140 147 190 207 238 247
71 86 91 109 113 124 125 127 157 197
169 216 225 237 250
22 55 72 79 105 107 122 132 159 162 173 245
9 40 56 69 84 92 168 180 200 208 221 231 238
39 43 49 89 151 165 211 212 237
19 48 84 91 116 134 138 147 171 203
7 8 73 100 107 139 157 204
13 18 47 81 142 172 173 197 214 221
9 45 66 77 82 84 103 118 140 171 184
20 52 71 84 105 112 160 166 178 198 225
39 55 83 134 153 162 185 214
61 104 115 119 136 153 164 179 183 216
10 12 16 32 46 50 118 159 166 228
18 38 42 58 68 70 127 143 163 169
17 46 58 62 68 99 130 150 178 183 186 211 214 223 224 238 240 243
30 68 109 124 134 137 202 217
76 147 161
4 8 20 36 44 61 77 97 107 122 142 184 193 206 221 222 246
34 54 58 64 80 106 107 160 180
30 72 135 154 176 183 212 219 248
50 67 72 76 77 87 107 120 133 148 165 173 192 207 227
29 34 37 41 130 140 154 195 210 222 229 230
26 35 37 72 78 102 103 151 159 213 224 249
17 65 88 97 121 128 195 200 245 246
17 53 92 153 231 241
75 109 150 154 176 190 216 228 230
2 14 66 81 93 97 127 135 142 189
7 27 46 64 94 100 112 117 122 135 214 225 245
18 51 93 101 126 133 134 137 148 153 160 162 167 190 193 214 217
35 55 68 86 95 104 118 143 160 197 202
44 50 122 135 148 178 216 222 248
7 15 27 31 49 80 96 112 198 201 249
2 14 73 89 113 142 169 171 176 209 245
11 18 19 26 33 50 58 76 106 115 128 172 176 180 221 230
42 43 48 58 69 92 161 164 167 210 225
14 18 55 78 79 85 88 114 124 133 139 156 181 214
19 38 49 58 90 120 136 168 173 174 210 224 240 241
14 23 79 82 99 157 161 178 209 226 227 238
25 40 51 77 100 164 215 245 248
3 19 21 25 57 66 77 191 215 248
41 48 57 69 105 106 112 123 155 214 240 249
4 43 56 93 127 135 137 151 183 250
20 23 73 83 92 212
12 65 97 121 132 154 179 187 237 247
6 27 84 100 104 111 129 148 174 178 195 196 199 216
55 65 74 159 170 172 188 203 209 213 219 227 238 249
6 24 42 51 86 117 118 131 135 185
6 7 29 40 74 126 128 132 150 201 211
25 88 91 147 217
5 16 30 33 49 54 74 100 102 142 235
3 107 113 144 161 193 204 210 224
8 24 60 85 171 213 222 229 231 232
90 105 109 119 129 152 166 207
50 59 65 68 92 116 125 135 136 161 189 223 231 244
10 16 68 77 123 141 144 157 160 162 175 182 238
13 52 72 109 117 135 161 177 242 245
7 27 67 104 120 165 178 200 239
10 13 51 65 89 118 141 145 172 207 218
2 17 29 45 48 62 76 92 111 127 163 183 185 189 198 227
58 90 116 119 159 185 187
19 90 103 135 141 169 192 199
24 54 67 76 86 95 110 143 199 205 213 218 219 226 243
12 14 26 50 65 108 120 139 167 191 227
5 30 33 51 61 66 69 83 97 152 187
51 93 112 115 139 158 205 231 243
35 49 50 57 79 114 140 152 164 188 216 237 247
4 86 104 109 114 127 143 183 184 198 229 234
53 61 93 104 143 151 175 185
9 52 69 94 161 174 201 208 220 229 249
10 12 126 132 139 140 207
78 103 162 230 238
44 75 79 86 116 121 137 144 151 163
5 14 62 118 150 196 201 216 225 227 237
52 54 93 110 125 140 200 222 237
4 14 27 52 56 68 142
31 48 100 161 218 221
15 35 118 121 126 148 165 173 222 229 233
53 75 85 115 124 173 195 220 242
28 31 34 47 51 117 153 165 166 174 191 242
45 57 74 76 121 232 237
80 86 150 166 170 236 239 245
5 23 37 40 61 65 152 172 191 219 241 244
3 74 93 96 133 160 165 230
27 52 104 106 132 135 198 202 217 220
6 77 86 146 169 185 188 232 241
34 99 127 167 199 223 225 232
14 17 84 124 135 157 195 206 234 238
3 12 78 223 225 230 231 236 249
25 42 44 79 128 130 151 184 193 219 235 243
47 54 55 78 81 100 151 179
3 20 23 33 86 107 114 136 230 236
6 103 116 138 165 173 190 223 227
12 46 59 151 167 168 192
21 26 85 98 110 130 163 180 209
11 21 94 138 154 175 179 216 235 237 238
3 11 14 15 18 33 41 122 136 190 214 220 240
2 22 49 54 63 74 100 112 152 206 208 220 230 234 248
70 113 157 210 222
66 74 81 84 168 171 218 235
50 70 80 85 105 124 193 203 237
106 127 159 164 176 223 248
32 39 66 68 110 175 203
1 20 38 60 81 83 139 144 152 200 246
9 71 73 99 128 141 143 157 204 214 237
7 69 88 111 121 154 217 234
18 111 126 149
7 13 42 66 70 79 80 129 152 158 168 217 223 227
4 53 103 114 117 121 134 135 142 147 202 210 242 248 250
3 6 61 97 145 146 244
17 48 63 99 108 118 132 137 151 172 179 201
12 60 122 135 155 190 211 213
58 164 168 182 205 232 250
6 61 75 82 126 152 168 188 195 246
13 29 49 61 82 175 184 190 202 203 223 236
27 56 78 94 96 110 114 124 140 182 227 238 242
2 4 19 51 124 128 137 158 180 183 204
5 70 77 86 96 121 160 192 194 198 207 213 220 242 243
7 16 25 26 102 121 129 143 157 229
12 17 25 98 108 116 134 141 179 192 194 227 250
5 7 30 59 70 83 95 144 168
9 33 36 40 49 64 66 85 95 127 144 152 165 169 179 198 213 221 225 246
17 38 99 119 132
37 56 88 95 128 158 173 175 183 224 231 248
40 43 64 83 128 132 140 177 189 194 197 203 239 244 250
5 31 34 59 110 131 158 160 171 194 229 237 247
8 17 31 50 76 86 97 158 186 191 192 218 238
9 61 72 77 183
12 34 51 73 173 193 203 211
21 61 98 102 156 195 201 205 241
20 38 77 80 93 187 194 197 220
52 108 111 150 172 179 180 186 201 206 210 231 242
29 106 110 121 144 152 161 177 193 201 221 232
4 15 38 79 81 85 163 187 230 250
10 16 44 78 87 121 143 147 202 247
73 84 131 143 188 191 235
24 41 98 162 184 185 214 221 223 237
38 44 49 61 121 168 171 195 223
16 17 20 32 52 68 84 86 98 160 188 215 230 249
1 2 27 48 62 109 130 134 139 145 162 187
64 69 80 124 130 209 219 227
15 20 27 31 93 106 150 172 231 240
74 78 92 102 105 126 137 145 146 203 207 214 229
9 12 18 33 72 96 129 138 147 152 175 194 244 250
17 33 55 92 104 108 148 214 218 225 230 239 249
