250 612
19 43 66 158
57 112 114 154 166 215
4 17 20 77 129 159 240
3 72 79 97 116 187 199 227 237
48 88 98 164 169 218 219 228
30 42 53 139 189 238 240
28 53 63 124 195 206 238
74 118 122 123 172 239 241
96 153 234
107 118 184 239
72 183 224
94 132 136
15 62 115 216 219
27 60 81 184 207
13 23 52 83 97 107 235 237
27 223
3 24 29 95 144 178
117 133 197
1 38 98 198
3 90 91 178 201
30 134 150 159 186 232
35 83 148 201 216
15 70 145 175
17 122 123 236
26 97 236
25 110 175 190 193 196 203
14 16 76 112 152 173 234
7 35 96 191 194
17 39 183
6 21 68 134 217
67 133 150 169
97 128 139 164
83 113 114 138 220
49 63 89 123 159 206 218
22 28 36 216 241
35 37 65 163 197 223
36 92 203
19 112 181 213 232 244
29 76 163 223
55 58 125 150 199
132 196 228 229 236
6 108 165
1 113 166 226 248
56 69 121
64 196
55 127
102 114 125 218
5 85 190 197 234
34 82 100
55 74 226
59 130 151 236 240
15 79 135
6 7 99 147 167
185
40 46 50 169
44 124 194
2 58 94 103 123 135 138 235
40 57 107 127 180 229 246
51 132 181 211
14 141 155 179 182
98 235
13 113 143 163 184
7 34 103 139 193
45 66 169 172 200 222 224
36 113 202
1 64 69 109 116 128 174 198 249
31 120 201 216
30 180
44 66 210 211
23 71 85 88 236
70 111 165 226
4 11 130 150 184
93 117 149 200 201 247
8 50 136 144 162 181 196
128 146 169 235
27 39 109 134
3 112 175 176 178 181 227 244
190
4 52 93 118 128
98 157 169 182 235 245
14 179 235
49 90 127 146 200
15 22 33 93 142 152 183 207
129
48 70 95 166 197 210 238
99 162 206 208
147 162 177 198 226
5 70 101 104 232 241
34 150 243
20 82 95 218 225 229 246
20 147
37 192 207 239
73 79 83 140 154
12 57 104 144 180 240
17 85 90 124 136 158 175 196 206 230 231
9 28
4 15 25 32 230 236
5 19 61 80 243
53 86 125 155 171
49 105
88
47 230
57 63 111 177 187 192
88 94 111 174 207
100 129 164 227
108 114 144 217 247
10 15 58 156 246
42 106 138 148 177 205
66 76 195 224 227
26 207
71 103 104 159 173 240
2 27 38 77 138 143
33 43 62 65 248
2 33 47 106 212 241
13 125 144 223 244
4 66 137 220 226
18 73 229 230
8 10 79 186 204 208 221 225 229
167 169 176 201 226
67 159 164 186 193 247
44
8 24 219
8 24 34 57 227 238
7 56 95 164 182 208
40 47 99 115 143 164 169
175
46 58 82 148 166 174
32 66 75 79 174 192
3 84 105 163 244
51 72 137 169
210 213
12 41 59 133 247 249
18 31 132 171 199
21 30 76 150 158 162 166
52 57 159 217 234 250
12 74 95 162 204 210 245
116 130 185 212 239
33 57 108 112 240
6 32 63 155 159 195 230 233
93 196 248
60 154 191 240
83 174 192
62 112 125 146 230
17 74 94 106 115 184 190
23 183
75 82 143 151 190
53 87 91 152 208 228
22 108 127 167 206
73 152 182 233 243
21 31 40 72 89 134 156
51 146 199 206
27 83 147 149
9 164 178 225
2 93 141 160 172
60 99 139
107 150 165
80 170 224
1 95 134 170 236
3 21 34 111 120 135 139
154 228
166 230 232
74 86 87 134 136 170 220 228
36 39 62 129
5 32 105 120 124 125 153 183 201 218
42 71 156 173 174 239
2 43 85 127 134 161 168
53 119 148 188
166 188 191
5 31 55 64 75 80 119 125 130 175 198 208
157 158 162 201
99 133
8 64 154 199 240
27 111 165 233 237
66 104 127 128 142 165 198 234
23 26 77 95 126 169 180 216 250
77 119 192 218
87 103 108
17 20 77 153 239 244
60 81 183 215
58 68 94 175
38 59 74 77 186 243
60 80 124 149 200 215 223 224
11 29 83 145 164 179 190 195
10 14 62 72 144
54 137 239
21 118 120 181
4 103
167 168 221
6 193 211
26 48 78 144 146 183 218 236
28 141 168
92 103 128 142 176
26 63 120 189
28 56 202 242
7 109 139 183 199 212 245
26 41 45 74 95 140 243
18 36 48 85
19 66 87 169 174 206 232 249
4 40 133 151 172 195 208
64 73 82 182
20 22 67 73 119 164 170 212
65 194
26 37 222
118 136 213 216
108 211 212 213
7 34 86 95 148 151 198 249
14 83 92 104 110
86 118 124 147 169 199 212

69 85 131 136 235 242
59 69 189 205 236
114 137 195 201 205 208
38 131 204 205 216

2 179 182 221 225 236 238 250
13 22 35 67 175 204 213
30 106 135
5 34 47 90 164 176 190
5 13 122 238
33 116 162 242
118 188 215 230
64 203
16 36 39 115 182 225
11 64 109 157 182
90 118 153 215 223
43 50 71 87 116 119
4 77 105 109 123
5 41 147 160 162
41 58 90 117 118
95 97 102 117 139 143 161 221
95
21 38 88 161 198
139 149 173 238 242
9 27 48 135 174
15 57 61 75 80 81 210 239
24 25 41 51 70 97 158 190 211 215
4 15 173
6 7 85 123 215 219 233
8 10 92 137 165 178 185 235
3 6 51 94 111 138 141 172
8 35 88 114 242
194 210 220 233 241
89 98 149 181 196
38 77 115 129 178
80 136 195
58 90 107
73 106 120 132
43 113 140
66 132 198 206
135 175 215
