500 4549
16 44 92 96 110 117 130 134 188 211 222 225 226 259 272 298 311 320 328 365 437 445 457
54 64 173 177 192 202 217 227 252 285 327 335 356 393 429 432 448
27 112 121 125 140 291 304 329 427 500
20 37 53 74 89 133 165 170 171 235 244 294 297 343 348 354 367 376 406 477 492
88 115 158 162 220 267 274 309 326 357 359 397 416 433 435 462 465 474 489
11 33 84 99 102 122 129 154 161 164 180 233 267 275 302 316 323 331 341 350 359 370 391 417 441 447 458
22 77 78 144 146 149 175 178 197 208 230 237 290 296 299 305 337 374 400 414 419 428 436 450 454
56 58 126 148 151 246 358 360 375 405 418 424 455 488 495
19 23 48 70 139 166 182 191 217 218 240 254 278 344 378 434 443 468 496
25 51 52 81 120 132 136 210 232 283 314 349 483
6 30 33 84 99 122 154 161 180 233 255 267 275 302 316 323 331 341 359 370 397 404 417 447
21 39 111 113 123 162 200 223 265 270 274 281 282 293 310 312 325 433 435 459 462 465 471 482
14 24 25 36 57 101 120 127 172 203 247 261 268 276 284 301 308 314 317 333 352 382 383 493 497
13 25 36 120 245 283 314 317 336 352 364 382 383 394 444
28 59 75 102 122 146 161 205 219 233 307 386 419 424 425 426 441 454 458
1 92 96 110 117 134 188 206 211 222 225 226 259 272 298 311 320 328 365 437 445 457
18 97 100 106 113 168 174 189 242 310 313 315 325 353 446 459 481
17 100 106 174 313 315 347
9 23 48 82 139 170 182 191 218 254 278 284 319 333 355 361 377 378 434 443 468 496
4 37 53 72 74 89 133 165 170 171 179 185 235 249 343 348 354 367 376 406 477 479
12 39 97 111 113 123 156 207 231 242 265 266 270 279 293 310 312 345 415 459 471 482
7 29 31 43 45 69 77 78 86 95 149 175 208 230 237 248 290 296 299 305 334 337 340 374 414 428 436
9 19 48 82 138 139 182 191 218 254 278 284 319 333 355 361 377 378 434 443 468 496
13 42 57 82 101 124 127 136 138 172 247 261 268 276 284 286 301 319 333 383 493 497
10 13 14 36 57 108 120 132 232 245 247 283 301 314 317 336 352 382 383
90 94 167 209 384
3 98 112 121 140 197 271 273 291 304 339 368 372 411 423 450 480 500
15 56 128 146 178 205 219 229 246 287 296 307 360 386 405 412 418 419 424 425 454 455
22 31 43 45 61 67 68 69 95 149 152 163 248 253 260 262 306 334 337 340 401 414 436 449
11 33 84 99 116 147 154 158 164 180 267 323 331 341 350 357 359 366 370 391 404 466 474
22 29 43 45 61 67 69 77 86 95 149 152 160 248 253 260 299 306 334 337 340 401 414 436
34 66 257 263 363 379 390 392 403 472 485 494
6 11 30 84 99 116 147 154 158 164 180 267 302 323 331 341 350 357 359 366 370 391 404 447 474
32 231 256 257 263 379 390 392 403 453 472 485 494
44 103 107 119 184 215 243 272 324 342 351 380 381 410 422 461 478
13 14 25 120 203 301 308 314 317 336 352 364 382 383 394
4 20 53 89 133 165 170 185 235 249 343 348 354 377 406 475 477 479
47 55 61 65 93 100 155 163 183 199 204 250 253 262 289 371 395 396 431
12 21 97 111 113 123 162 168 242 265 270 274 281 293 310 312 325 353 433 435 459 462 465 471 482
46 60 73 85 118 176 190 201 241 258 280 346 358 402 413 452 484 487
54 104 109 202 213 228 264 277 373 407 409 439 467 470
24 57 120 124 132 136 172 247 276 286 383 483 497
22 29 31 61 65 67 69 95 149 163 248 253 260 262 299 306 334 337 340 401 436
1 35 91 92 96 110 117 119 184 243 259 272 298 328 342 351 380 381 410 422 437 461 478
22 29 31 50 86 98 152 160 175 187 248 330 337 339 372 389 411 414 423 428 451 480
40 60 73 85 118 131 176 190 201 241 258 346 358 402 413 452 484 487
38 55 61 65 93 100 135 155 163 183 250 253 262 289 395 396 431 456
9 19 23 70 133 139 166 170 173 181 182 191 217 218 221 254 278 297 318 327 344 361 378 406 434 443 448 468 476 496
74 236 251 294 297 338 367 373 376 388 398 432 438 467 476 477 492
45 76 87 98 152 160 187 209 330 389 451 491 498
10 52 81 132 195 210 232 283 349
10 51 81 195 210 232 283 322 332 349
4 20 37 72 89 159 165 171 179 185 235 249 343 348 354 420 440 473 479
2 41 79 104 145 177 196 202 213 227 252 264 277 356 407 409 430 432 439 470
38 47 61 68 135 142 155 163 234 250 253 260 262 306 396 431 449 486 490
8 28 58 126 128 143 148 229 246 287 358 360 375 405 412 418 424 455 488 495
13 24 25 42 101 120 124 127 132 136 172 247 276 284 286 301 314 352 383 483 497
8 56 126 148 153 246 358 375 394 405 444 455 488
15 75 102 129 151 205 219 307 386 405 420 424 426 441 460 473 495
40 46 73 118 131 176 190 201 241 258 346 358 402 413 444 452
29 31 38 43 47 55 65 67 69 95 142 155 163 199 204 253 260 262 289 306 334 396 401 431 449
66 231 238 257 266 269 279 295 363 379 403 415 471 472 494
65 67 80 88 93 183 194 199 204 220 255 289 362 371 385 395 397 401 408 416
2 192 227 252 285 335 356 393 429 448
38 43 47 61 63 67 69 80 95 155 163 183 199 204 253 262 289 306 334 362 371 395 401 408
32 62 231 238 257 269 279 295 363 379 415 472
29 31 43 61 63 65 69 95 114 149 194 199 204 248 253 289 290 299 306 334 340 362 401 408 436
29 55 87 142 152 163 187 234 260 262 306 449 486 490 491
22 29 31 43 61 65 67 77 78 95 114 149 248 253 290 299 306 334 337 340 401 414 436
9 48 139 166 173 182 191 192 217 218 221 240 254 278 285 318 327 344 378 434 443 448 468 496
103 137 156 157 207 224 231 256 266 292 300 345 403 453 469 494
20 53 74 89 116 129 164 165 171 179 244 249 323 348 350 354 366 391 404 440 473 479
40 46 60 131 176 190 201 241 258 346 358 402 413 444 452
4 20 49 72 89 165 171 244 251 294 338 343 348 367 376 398 406 477 492
15 59 102 129 151 164 180 205 219 302 307 370 386 391 426 440 441 460 473 495
50 98 167 209 271 273 330 368 384 389 411 451 498
7 22 31 69 78 86 95 114 146 149 175 208 230 237 248 290 296 299 305 334 337 340 374 414 428 436 454
7 22 69 77 86 114 144 146 149 175 197 208 230 237 248 290 296 299 305 337 340 374 414 428 436 454
54 104 145 186 196 198 216 239 369 407 430 470
63 65 88 93 162 183 199 204 220 255 289 309 362 371 385 395 397 408 416
10 51 52 108 195 210 232 283 303 322 332 349 463 464
19 23 24 101 127 138 182 261 268 284 319 333 355 361 377 378 434 443 475 493 496
128 143 212 229 246 280 287 412 413 418 455 484 487 499
6 11 30 33 99 116 129 154 158 164 180 267 275 302 316 323 331 341 350 359 366 370 391 404 417 447 474
40 46 118 201 241 258 280 346 402 413 452 484 487
22 31 45 77 78 98 149 152 160 175 197 248 337 339 340 372 389 411 414 423 428 451 480
50 68 142 152 187 234 260 330 449 486 490 491
5 63 80 162 204 220 255 274 309 316 359 362 371 385 397 408 416 417 447
4 20 37 53 72 74 133 165 170 171 179 235 244 249 343 348 354 367 376 406 477 479 492
26 94 167 209
44 92 96 103 123 184 200 223 224 272 282 298 300 311 312 342 381 469 478
1 16 44 91 96 110 117 130 134 150 188 211 222 259 272 298 311 328 365 381 437 457 478
38 47 63 80 100 155 168 183 189 220 289 325 353 371 385 395 446 481
26 90 167 209
22 29 31 43 61 65 67 69 77 114 149 199 204 248 253 290 299 306 334 337 340 401 436
1 16 44 91 92 110 117 130 150 222 223 259 272 298 311 365 381 437 457 478 489
17 21 39 113 168 174 242 265 279 281 295 310 315 325 353 415 446 459 471
27 45 50 76 86 160 271 273 304 330 339 368 372 384 389 411 423 428 451 480 498
6 11 30 33 84 116 147 154 158 164 180 267 302 316 323 331 341 350 357 359 366 370 391 404 447 474
17 18 38 47 93 106 155 168 183 189 289 313 315 347 353 395 446 456 481
13 24 57 82 120 127 172 203 247 261 268 276 284 286 301 308 317 319 333 352 355 383 475 493 497
6 15 59 75 114 122 146 161 194 205 219 233 275 302 307 386 419 424 425 426 441 454 458
35 71 91 107 123 156 157 184 207 215 224 292 300 312 342 351 381 469 478
41 54 79 145 177 196 202 213 227 239 252 264 277 369 407 409 430 439 470
121 125 128 140 144 178 197 212 229 287 291 305 400 412 450
17 18 100 174 189 313 315 347 446 481
35 103 157 215 292 351 380 422
25 81 131 141 195 210 232 245 283 332 349 463 464
41 134 206 211 225 228 264 288 320 328 373 409 439 467
1 16 44 92 96 117 134 188 206 211 222 225 226 259 272 298 311 320 328 365 437 445 457
12 21 39 123 200 223 224 265 270 274 281 282 293 310 312 325 433 435 459 462 465 482
3 27 121 125 140 144 175 197 271 291 304 339 368 372 400 411 423 427 450 480 500
12 17 21 39 97 168 189 242 265 281 310 315 325 353 415 446 459 471 481
67 69 77 78 95 102 122 146 149 161 194 208 230 233 237 290 296 299 334 362 374 401 425 436 454 458
5 150 158 162 223 274 282 309 326 357 397 416 433 435 462 465 489
30 33 72 84 99 147 154 158 164 179 180 244 267 323 331 341 350 366 370 391 404 466 474
1 16 44 92 96 110 134 188 206 211 222 226 259 272 298 311 328 365 381 437 457
40 46 60 85 201 241 258 280 346 402 413 452 484 487
35 44 169 184 243 272 324 380 410 422 437 461 478
10 13 14 25 36 42 57 101 132 136 172 232 247 283 301 314 317 352 383 483 497
3 27 105 112 125 140 144 178 197 212 291 304 329 339 400 423 427 450 500
6 11 15 102 114 146 161 194 233 255 275 302 307 316 331 362 417 425 441 447 458
12 21 39 91 103 111 156 200 207 223 224 270 282 293 300 312 469 482
24 42 57 127 132 136 172 247 276 286 383 483 497
3 105 112 121 140 144 178 197 212 229 291 329 400 427 450 500
8 56 58 148 153 246 358 364 375 394 405 444 488
13 24 57 82 101 124 138 172 247 261 268 276 284 286 301 319 333 355 383 493 497
28 56 83 105 143 178 212 229 246 287 360 412 418 455 499
6 59 72 75 84 151 164 179 180 205 302 323 331 341 350 366 370 391 426 440 441 460 473
1 92 96 147 150 158 188 222 223 259 282 298 311 326 357 435 457 462 474 489
46 60 73 108 141 176 190 201 245 336 394 444 464
10 25 42 51 57 120 124 136 210 232 283 314 383 483 497
4 20 37 48 89 139 165 170 181 182 218 235 297 318 343 344 348 361 367 376 406 438 477 496
1 16 92 109 110 117 188 206 211 225 226 243 259 272 320 328 365 437 445
47 55 142 163 234 250 260 262 396 431 449 456 490
10 24 42 57 120 124 132 172 247 276 286 314 383 483 497
71 157 256 263 403 453 485 494
23 24 82 127 276 284 319 355 378 443
9 19 23 48 70 133 166 173 181 182 191 217 218 221 254 278 318 327 344 361 378 434 443 448 468 496
3 27 105 112 121 125 144 175 178 197 291 304 339 368 372 400 411 423 450 480 500
108 131 176 195 210 245 303 332 463 464
55 61 68 87 135 163 234 250 260 262 306 396 431 449 486 490
56 83 128 148 212 229 246 287 360 412 418 455 484 488 499
7 78 105 112 121 125 140 175 178 197 212 229 230 237 291 305 374 400 423 450 480
54 79 104 186 193 196 198 227 239 252 321 369 399 407 430 442
7 15 28 77 78 102 114 122 161 205 208 219 230 233 237 290 296 299 307 374 386 419 424 425 454 458
30 33 99 116 130 150 154 158 188 222 267 311 326 357 404 457 466 474 489
8 56 58 126 143 153 246 358 360 375 405 418 455 488 495
7 22 29 31 43 67 69 77 78 86 95 114 208 230 237 248 253 290 296 299 334 337 340 374 401 414 436 454
92 96 115 130 147 158 222 223 259 282 298 311 326 357 435 457 462 474 489
8 59 75 129 205 219 307 386 405 420 426 441 460 473 495
29 31 45 50 68 86 87 160 187 248 330 337 389 414 428 451
58 126 148 336 358 364 375 382 394 444 488
6 11 30 33 84 99 116 147 158 164 180 267 302 316 323 331 341 350 357 359 366 370 391 404 447 474
38 47 55 61 65 93 100 163 183 250 262 289 395 396 431 456
21 71 103 123 157 207 224 231 256 266 292 293 300 312 345 403 469 494
71 103 107 137 156 207 215 256 292 300 345 351 453 469
5 30 33 84 99 115 116 130 147 150 154 267 326 357 359 404 457 474 489
53 185 203 249 308 354 364 420 460 473 479
31 45 50 86 98 152 187 248 330 337 339 372 389 414 428 451 480
6 11 15 102 114 122 146 194 233 255 275 302 307 316 331 362 370 417 425 441 447 458
5 12 39 80 88 115 168 220 270 274 281 309 310 325 353 371 385 397 416 433 435 459 462 465
29 38 43 47 55 61 65 68 135 142 155 234 250 253 260 262 306 334 396 431 449 490
6 30 33 72 75 84 99 116 129 154 179 180 302 323 331 341 350 366 370 391 404 440 441 473
4 20 37 53 72 74 89 133 170 171 179 235 244 343 348 354 367 376 406 477 479 492
9 48 70 139 173 181 182 191 217 218 221 254 278 297 318 327 335 344 434 438 443 448 468 476 496
26 76 90 94 209 384 451 498
17 39 93 97 100 113 162 189 242 281 310 315 325 353 395 446 459 465 481
119 206 243 288 324 328 387
4 19 20 37 48 89 133 165 182 235 318 343 348 361 377 406 477 496
4 20 53 72 74 89 165 179 235 244 251 338 343 348 354 367 376 398 406 477 492
13 24 42 57 101 120 124 127 136 247 276 284 286 301 314 383 483 497
2 48 70 139 166 181 191 192 217 218 221 278 285 297 318 327 335 344 432 438 448 476
17 18 97 106 242 295 313 315 415
7 22 45 77 78 86 112 140 144 178 197 208 230 237 304 305 337 339 372 374 400 411 414 423 428 450 480
40 46 60 73 131 141 190 201 241 258 346 402 413 452 464
2 54 104 202 213 227 252 264 277 335 356 393 407 430 432
7 28 105 121 125 128 140 144 175 197 212 229 230 237 287 296 305 374 400 412 419 450
20 53 72 89 116 129 164 165 171 180 249 323 350 354 366 370 391 404 420 440 460 473 479
6 11 30 33 75 84 99 116 129 154 164 179 267 275 302 316 323 331 341 350 359 366 370 391 404 440 441 447
48 133 139 166 173 191 217 218 221 236 294 297 318 327 343 344 388 406 432 438 476 477 496
9 19 23 48 70 82 133 139 166 170 191 218 254 278 318 344 355 361 377 378 406 434 443 468 496
38 47 63 65 80 93 100 155 189 199 204 289 353 371 385 395 408 481
35 44 91 103 119 215 243 272 342 351 380 381 410 422 437 461 478
20 37 53 159 235 249 354 420 460 473 479
79 145 193 196 198 214 239 252 321 369 399 430 442
45 50 68 87 152 160 209 234 260 330 389 449 486 490 491
1 16 92 110 117 130 134 147 222 225 226 251 259 320 338 365 398 445 457 466
17 93 100 106 113 168 183 242 281 310 313 315 325 353 395 446 459 481
40 46 60 73 131 176 201 245 258 346 358 394 402 413 444 452
9 19 23 48 70 139 166 173 181 182 192 217 218 221 240 254 278 285 318 327 344 378 434 443 448 468 496
2 64 70 173 191 217 285 327 335 448
145 186 198 214 227 239 252 321 356 369 393 399 429 430 442
63 67 102 114 122 161 199 204 233 255 275 290 299 316 362 401 408 417 447 458
51 52 81 108 141 210 232 245 283 303 332 349 463 464
54 79 104 145 186 198 216 239 369 407 430
7 27 78 86 105 112 121 125 140 144 175 178 230 237 291 304 305 339 372 374 400 411 414 423 428 450 480
79 145 186 193 196 214 239 252 321 369 399 430 442
38 61 63 65 67 80 95 183 194 204 253 255 289 334 362 371 385 395 401 408
12 91 111 123 223 224 270 282 293 298 300 311 312 326 435 462 469 482 489
40 46 60 73 85 118 131 176 190 241 258 346 358 402 413 452 484 487
2 41 54 104 177 213 264 277 373 407 409 432 439 476
13 36 101 159 261 268 301 308 317 333 352 364 377 382 383 475 493
38 61 63 65 67 80 88 95 183 194 199 253 255 289 334 362 371 385 395 401 408
15 28 59 75 102 129 146 151 219 307 386 405 419 424 425 426 441 458 460 495
16 109 110 117 134 169 211 225 288 320 328 365 387 437
21 71 103 123 156 157 224 256 265 266 292 293 300 312 345 469 482
7 22 77 78 114 146 149 175 230 237 290 296 299 305 337 374 414 419 425 436 454
26 50 76 90 94 167 187 330 384 389 451 491 498
10 51 52 81 108 132 141 195 232 283 322 332 349 464
1 16 92 109 110 117 134 206 225 243 259 272 320 328 365 437
83 105 121 125 128 143 144 178 229 287 329 400 412 418 427 499
41 54 104 177 202 264 277 373 407 409 432 439 470
186 193 198 239 252 321 399 442
35 103 107 157 184 292 342 351 380 422 461 478
79 196 228 421 470
2 9 48 70 139 166 173 181 191 192 218 221 254 278 285 318 327 335 344 448 468 476 496
9 19 23 48 70 133 139 166 173 181 182 191 217 221 254 278 318 327 344 361 378 434 443 448 468 496
15 28 59 75 102 146 151 205 307 360 386 405 419 424 425 426 441 454 458 495
5 63 80 88 93 162 255 274 309 371 385 395 397 408 416 433 465
48 70 139 166 173 181 191 217 218 236 278 297 318 327 335 344 432 438 448 476 496
1 16 92 96 110 117 130 147 150 188 226 259 298 311 326 357 365 445 457 466 489
12 91 96 111 115 123 130 150 200 270 274 282 298 311 312 326 433 435 462 482 489
71 91 103 111 123 156 200 207 270 292 293 300 312 345 469 482
1 16 109 110 134 188 206 211 226 251 320 338 365 398 445 466 467
1 16 110 117 134 188 222 225 251 320 338 365 398 445 457 466
2 54 64 104 145 177 193 239 252 321 356 369 393 399 407 429 430
41 109 216 264 277 288 387 409 421 439 470
28 56 83 105 125 128 143 144 178 212 246 287 360 400 412 418 424 455 499
7 22 77 78 114 144 146 149 175 178 197 208 237 248 290 296 299 305 337 340 374 400 414 419 436 450 454
21 34 62 66 71 156 238 256 257 265 266 269 279 295 345 363 379 403 415 471 472 494
10 25 51 52 81 108 120 132 195 210 283 314 349 383
6 11 15 102 114 122 146 161 194 255 275 302 307 316 331 370 417 425 441 447 458
55 68 87 135 142 163 187 260 262 306 396 431 449 486 490
4 20 37 53 89 133 165 170 171 185 249 343 348 354 377 406 477 479
49 181 221 294 297 367 373 376 388 406 432 438 467 476 477
7 22 77 78 114 144 146 149 175 178 197 208 230 248 290 296 299 305 337 374 400 414 419 425 436 454
62 66 231 257 265 266 269 279 295 363 379 403 415 471 472 494
79 104 145 186 193 196 198 214 227 252 321 356 369 393 399 430 442
9 70 191 254 278 443 468
40 46 60 73 85 118 176 201 258 280 346 402 413 452 484 487
17 21 39 97 113 168 174 189 265 279 281 295 310 315 325 353 415 446 459 471 481
35 44 119 134 169 184 211 272 324 328 380 381 410 422 437 461 478
4 72 74 89 116 165 171 251 338 348 366 367 376 398 466 492
14 25 108 131 141 190 195 283 332 336 394 444 464
8 28 56 58 83 126 128 143 148 229 287 358 360 375 405 412 418 424 455 488 495
13 24 25 42 57 101 120 124 127 136 172 261 268 276 284 286 301 314 333 352 383 483 493 497
22 29 31 43 45 67 69 77 78 86 95 149 152 160 230 237 253 290 299 306 334 337 340 414 428 436
20 37 53 72 89 159 179 185 235 354 420 440 460 473 479
38 47 55 135 142 155 163 262 347 396 431 456
49 74 171 188 225 226 244 294 320 338 367 376 388 398 445 466 492
2 54 64 104 145 177 186 193 198 214 227 239 321 356 369 393 399 429 430 442
29 31 38 43 47 55 61 65 67 69 95 149 163 199 204 248 260 262 306 334 337 340 401 436 449
9 19 23 48 70 139 166 182 191 217 218 240 278 318 327 344 361 378 434 443 468 496
11 63 80 88 122 161 194 199 204 220 233 275 309 316 359 362 371 385 397 408 416 417 447
34 71 137 156 157 207 231 257 263 266 292 345 403 453 485 494
32 34 62 66 231 238 256 266 269 279 295 363 379 392 403 472 494
40 46 60 73 85 118 176 190 201 241 346 402 413 452 484 487
1 16 44 92 96 110 117 130 134 150 188 211 222 272 298 311 328 365 381 437 457 478
29 31 43 55 61 68 87 135 142 163 187 234 253 262 306 396 431 449 486 490
13 24 82 101 127 203 247 268 284 301 308 317 333 352 355 377 383 475 493
29 38 43 47 55 61 65 68 135 142 155 163 234 250 253 260 306 396 431 449 486 490
32 34 137 256 390 392 403 453 485 494
41 54 104 109 177 202 213 228 277 373 407 409 439 467 470
12 21 39 97 111 113 207 231 238 242 266 270 279 281 293 295 310 325 415 459 471 482
21 62 71 156 207 231 238 256 257 265 269 279 295 345 363 379 403 415 471 472 494
5 6 11 30 33 84 99 116 147 154 158 180 316 323 331 341 350 357 359 366 404 447 474
13 24 82 101 127 203 247 261 284 301 308 317 333 352 355 361 377 383 475 493
62 66 231 238 257 266 279 295 363 379 415 472
12 21 39 111 123 162 200 223 224 265 274 281 282 293 310 312 325 433 435 459 462 465 482
27 76 98 112 273 304 339 368 372 384 411 423 451 480 498 500
1 16 35 44 91 92 96 110 117 119 134 184 211 243 259 298 328 342 381 410 422 437 461 478
27 76 98 271 304 368 372 384 411 451 498 500
5 12 39 88 111 115 162 220 223 270 281 282 309 325 326 397 416 433 435 462 465 482 489
6 11 84 102 122 161 180 194 233 255 302 316 331 341 359 370 417 441 447 458
13 24 42 57 101 124 127 136 138 172 247 284 286 301 319 333 383 483 497
41 54 104 177 202 213 228 264 373 407 409 439 470
9 19 23 48 70 139 166 173 182 191 217 218 221 240 254 318 327 344 361 378 434 443 448 468 496
21 62 66 97 231 238 242 257 265 266 269 295 363 379 403 415 471 472 494
40 83 85 118 241 413 484 487 499
12 39 97 111 113 162 168 189 242 265 270 274 310 325 353 433 446 459 465 471 481 482
12 91 111 115 123 130 150 200 223 270 274 293 298 311 312 326 433 435 462 465 482 489
10 14 25 51 52 81 108 120 132 195 210 232 245 314 332 349
13 19 23 24 57 82 101 127 138 172 247 261 268 276 286 301 319 333 355 361 377 378 475 493
2 64 70 173 191 192 217 327 335 448
24 42 57 101 124 127 136 172 247 276 284 301 383 483 497
28 56 83 105 128 143 178 212 229 246 360 412 418 424 455 499
109 169 206 228 387 421
38 47 61 63 65 67 80 93 100 155 183 199 204 371 385 395 408
7 22 67 69 77 78 95 114 146 149 194 208 230 237 248 296 299 334 337 340 374 401 425 436 454 458
3 27 105 112 121 125 140 144 197 304 329 400 423 427 450 500
71 103 107 156 157 207 215 224 256 300 342 345 351 469
12 21 39 111 123 156 200 207 224 265 270 282 300 312 345 469 482
4 49 74 181 236 251 297 338 348 367 373 376 388 398 406 432 438 467 476 477 492
62 66 97 174 231 238 242 257 265 266 269 279 363 379 415 471 472
7 22 28 77 78 114 146 149 178 208 230 237 290 299 305 374 419 425 436 454
4 48 49 133 166 173 181 221 236 294 318 343 344 367 376 388 406 432 438 476 477
1 16 44 91 92 96 110 117 130 150 200 222 223 259 272 282 311 326 381 457 478 489
7 22 31 43 67 69 77 78 95 114 146 149 194 208 230 237 248 290 296 334 337 340 362 374 401 436 454 458
71 91 103 123 156 157 200 207 224 292 293 312 342 345 351 381 469
13 24 25 36 57 101 120 127 172 203 247 261 268 276 284 286 308 314 317 333 352 383 475 493 497
6 11 33 75 84 99 102 122 129 154 161 164 180 233 275 316 323 331 341 350 359 370 391 417 441 447 458
81 141 195 322 332 349 463 464
3 27 98 112 121 140 175 197 271 273 291 339 368 372 411 423 428 450 480 500
7 22 77 78 105 144 175 178 197 208 230 237 296 374 400 414 419 450 454 480
29 31 43 55 61 65 67 68 69 95 142 163 234 248 253 260 262 334 340 396 431 449 486 490
15 28 59 75 102 122 146 151 161 205 219 233 386 419 424 425 426 441 454 458 495
13 36 101 159 203 261 268 301 317 333 352 364 377 475 493
5 80 88 115 162 220 255 274 316 359 385 397 408 416 433 435 447 462 465
12 17 21 39 97 111 113 162 168 189 242 265 270 281 315 325 353 446 459 465 471 481 482
1 16 91 92 96 110 117 130 147 150 200 222 223 259 282 298 326 357 457 462 489
12 21 39 91 103 111 123 156 200 207 223 224 270 282 293 300 469 482
17 18 100 106 174 189 315 347 446 481
10 13 14 25 36 57 120 132 136 172 232 247 283 301 317 352 383 483 497
17 18 97 100 106 113 168 174 189 242 310 313 347 353 446 481
6 11 84 88 99 122 154 161 180 194 233 255 267 275 302 309 323 331 341 359 370 397 416 417 447
13 14 25 36 101 120 203 261 268 301 308 314 336 352 364 382 383 493
48 70 133 139 166 170 173 181 182 191 217 218 221 254 278 297 327 344 406 434 438 443 448 468 476 477 496
19 23 24 82 101 127 138 276 284 333 355 361 378 434 443 493
1 16 109 110 134 188 206 211 225 226 251 338 365 398 445 466 467
145 186 193 198 214 227 239 252 356 369 393 399 429 430 442
52 81 210 303 349
6 11 30 33 72 84 99 116 129 154 164 179 180 267 302 316 331 341 350 359 366 370 391 404 440 441 447
35 119 169 243 380 410 422 437 461
12 17 39 93 97 111 113 162 168 189 242 265 270 274 281 310 353 433 446 459 465 481 482
5 115 130 147 150 158 200 222 223 274 282 298 311 357 433 435 457 462 474 489
2 48 70 139 166 173 181 191 192 217 218 221 254 278 285 318 335 344 448 476
1 16 44 92 109 110 117 134 169 206 211 243 259 272 365 410 437
3 121 125 212 291 427 500
45 50 76 87 98 152 160 187 209 389 451 491 498
6 11 30 33 84 99 116 122 129 154 161 164 180 233 267 275 302 316 323 341 350 359 366 370 391 404 417 440 441 447
52 81 108 141 195 210 245 283 303 349 463 464
13 19 23 24 82 101 127 203 247 261 268 276 284 301 308 319 352 355 361 377 475 493
22 29 31 43 61 65 67 69 77 95 114 149 163 199 204 248 253 290 299 306 337 340 362 401 436
2 64 166 173 177 192 217 221 285 327 356 432 448 476
14 25 36 131 153 245 317 352 364 382 394 444
7 22 29 31 43 45 69 77 78 86 95 149 152 160 175 208 230 237 248 253 290 299 334 340 374 414 428 436
49 74 171 188 225 226 244 251 294 320 367 376 388 398 445 466 492
27 45 86 98 112 121 140 160 175 197 271 304 368 372 389 411 414 423 428 450 451 480
22 29 31 43 67 69 77 78 86 95 149 230 248 253 290 299 306 334 337 401 414 436
6 11 30 33 84 99 116 129 154 164 180 267 275 302 316 323 331 350 359 366 370 391 404 417 440 441 447 474
35 44 91 103 184 215 272 292 300 351 380 381 410 422 461 469 478
4 20 37 53 74 89 133 165 170 171 181 235 297 348 354 367 376 406 477
9 48 70 133 139 166 173 181 182 191 217 218 221 254 278 297 318 327 434 438 443 448 468 476 496
21 71 156 157 207 224 231 256 266 292 293 300 403 453 494
40 46 60 73 85 118 176 190 201 241 258 402 413 452 487
18 100 106 250 313 315 456
4 20 37 53 72 74 89 133 165 170 171 235 244 294 343 354 367 376 406 477 492
10 51 52 81 108 195 210 232 283 303 322 332
6 30 33 72 84 99 116 129 154 164 179 180 267 302 323 331 341 366 370 391 404 440
35 44 103 107 157 184 215 292 300 342 380 381 410 422 461 478
13 14 25 36 57 101 120 203 247 261 268 301 308 314 317 333 336 364 382 383 493
17 39 93 97 100 113 162 168 183 189 242 281 310 315 325 385 395 446 459 465 481
4 20 37 53 72 89 159 165 171 179 185 235 249 343 348 420 440 473 479
19 23 82 101 127 138 182 261 268 284 319 333 361 377 378 434 443 475 493 496
2 54 64 177 193 227 239 252 321 335 393 399 429
5 30 33 99 115 130 147 150 154 158 222 267 311 326 359 404 435 457 462 474 489
8 40 46 56 58 60 73 126 148 153 190 201 246 375 394 402 444 455 488
5 6 11 30 33 84 88 99 154 158 180 255 267 275 302 309 316 323 331 341 357 370 397 416 417 447 474
8 28 56 128 143 148 219 229 246 287 375 386 405 412 418 419 424 455 488 495
19 23 48 82 133 139 170 182 218 254 268 278 284 319 333 355 377 378 434 443 468 475 493 496
63 65 67 80 88 114 122 161 194 199 204 255 299 334 371 385 397 401 408 417
32 62 66 231 238 257 266 269 279 295 379 403 415 472 494
14 36 126 153 159 203 308 317 336 352 382 394 444
1 16 92 96 110 117 134 188 206 211 222 225 226 259 320 328 437 445 457 466
30 33 72 84 99 116 129 154 164 179 180 244 267 323 331 341 350 370 391 404 440 474
4 20 49 74 89 133 165 171 236 244 251 294 297 338 343 348 376 388 398 406 477 492
27 76 98 112 140 271 273 304 339 372 384 389 411 423 428 451 480 498 500
79 104 145 186 193 196 198 227 239 252 321 399 407 430 442
6 11 30 33 75 84 99 116 129 154 161 164 179 180 233 275 302 316 323 331 341 350 359 366 391 404 440 441 447
38 63 65 80 88 93 162 183 199 204 220 255 289 362 385 395 397 408 416
27 45 86 98 112 140 160 175 197 271 273 304 339 368 389 411 414 423 428 450 451 480 498
41 49 109 202 213 236 264 277 294 388 409 432 439 467
7 22 77 78 114 144 146 149 175 178 197 208 230 237 290 296 299 305 337 400 414 419 425 436 450 454
8 56 58 126 148 153 246 358 360 405 418 455 488 495
4 20 49 74 89 133 165 171 236 244 251 294 297 338 343 348 367 388 398 406 477 492
19 23 37 82 170 182 203 235 261 268 284 308 333 355 361 475 493
9 19 23 48 70 82 138 139 182 191 218 254 278 284 319 355 361 434 443 468 496
32 34 62 66 231 238 257 266 269 279 295 363 403 415 472 494
35 44 107 119 184 215 243 324 342 351 381 410 422 461 478
35 44 91 92 96 103 117 184 243 259 272 298 300 342 351 380 410 422 437 461 469 478
13 14 25 36 153 203 317 336 352 364 394 444
13 14 24 25 36 42 57 101 120 124 127 132 136 172 203 232 247 261 268 276 286 301 314 317 352 483 493 497
26 76 98 167 209 271 273 368 451 498
63 80 88 93 162 183 199 204 220 255 289 309 353 362 371 395 397 408 416
15 28 59 75 102 146 151 205 219 307 360 405 418 419 424 425 426 454 458 495
169 206 228 288 421
49 181 236 251 294 297 338 367 373 376 432 438 467 476 477
45 50 76 86 98 152 160 187 209 330 339 368 372 411 428 451 480 498
32 34 263 392 403 453 485
6 30 33 72 75 84 99 116 129 154 164 179 180 302 323 331 341 350 366 370 404 440 441 473
32 34 257 263 390 403 472 485
2 64 177 193 227 239 252 321 356 399 429
14 36 58 126 131 153 190 245 336 358 364 382 444
38 47 63 65 80 93 100 155 168 183 189 199 204 220 289 353 371 385 408 446 481
38 47 55 61 135 142 155 163 234 250 260 262 306 431 449 456
5 11 63 80 88 115 162 220 255 274 309 316 359 362 371 385 408 416 417 447
49 74 171 188 225 226 244 251 294 320 338 367 376 445 466 492
145 186 193 198 214 227 239 252 321 356 369 393 429 430 442
7 105 112 121 125 140 144 175 178 197 212 229 230 237 291 305 374 423 450
29 31 43 61 63 65 67 69 95 114 149 194 199 204 253 290 299 334 340 362 408 436
40 46 60 73 85 118 176 190 201 241 258 346 358 413 452 484 487
32 34 62 71 137 156 231 238 256 257 263 266 279 345 363 379 390 392 453 472 485 494
11 30 33 72 84 99 116 147 154 158 164 179 180 267 323 331 341 350 357 366 370 391 474
8 28 56 58 59 126 148 151 205 219 246 360 375 386 418 424 426 455 460 488 495
4 20 37 48 74 89 133 165 170 171 181 182 235 236 294 297 318 343 348 367 376 438 477
41 54 79 104 145 177 196 202 213 227 264 277 369 409 430 439 470
63 65 67 80 88 183 194 199 204 220 255 289 309 362 371 385 395 397 401 416 417
41 54 104 109 202 213 228 264 277 373 407 439 470
35 44 119 184 243 272 324 328 342 351 380 381 422 437 461 478
27 45 76 86 98 112 140 175 197 271 273 304 339 368 372 389 423 428 450 451 480 498 500
28 56 83 105 128 143 178 212 229 246 287 360 418 455 499
40 46 60 73 83 85 118 176 190 201 241 258 280 346 402 452 484 487
7 22 29 31 45 69 77 78 86 149 152 160 175 197 208 230 237 248 305 337 339 340 372 374 423 428 436 450 480
21 62 66 97 113 174 231 238 242 265 266 269 279 295 363 379 471
5 63 80 88 115 162 220 255 274 309 316 359 371 385 397 408 417 433 435 447 465
6 11 84 88 122 161 194 233 255 275 302 316 331 341 359 362 397 408 416 447 458
8 28 56 83 128 143 148 212 229 246 287 360 375 386 405 412 419 424 455 488 499
7 15 28 102 146 178 205 208 219 230 237 296 305 307 360 374 386 418 424 425 454
53 59 151 159 179 185 249 354 440 460 473 479
216 228 288 387 470
35 44 107 119 184 215 243 272 324 342 351 380 381 410 461 478
27 45 86 98 112 121 140 144 175 197 271 291 304 339 368 372 400 411 414 428 450 480 500
8 15 28 56 59 102 146 205 219 229 246 287 307 360 386 405 418 419 425 426 454 455 495
15 28 102 114 122 146 161 205 208 219 233 237 290 296 307 374 386 419 424 454 458
15 59 75 102 129 151 205 219 307 386 405 424 441 460 473 495
3 112 121 125 212 291 329 500
7 22 45 77 78 86 98 152 160 175 197 248 304 337 339 368 372 389 411 414 423 450 451 480
2 64 193 227 252 321 356 393 399
54 79 104 145 177 186 193 196 198 227 239 252 321 369 399 407
38 47 55 61 135 142 155 163 234 250 260 262 306 396 449 456 490
2 49 54 173 177 181 202 213 221 236 294 297 335 373 388 438 467 476
5 12 39 111 115 162 220 223 270 274 281 282 309 325 326 416 435 462 465 482 489
9 19 23 48 70 82 139 166 182 191 218 254 278 318 319 344 355 361 378 443 468 496
5 12 39 111 115 130 150 162 200 223 270 274 282 309 326 357 416 433 462 465 482 489
7 22 29 31 43 67 69 77 78 95 114 149 208 230 237 248 253 290 296 299 334 337 340 374 401 414 454
1 16 44 92 96 110 117 119 134 184 206 211 243 259 272 324 328 365 381 410 461 478
49 133 166 173 181 221 236 294 297 318 344 388 406 432 476 477
41 54 104 109 202 213 228 264 277 373 407 409 467 470
53 72 75 129 164 179 180 249 323 331 341 350 354 366 370 391 420 441 460 473 479
6 15 59 75 102 122 129 151 161 164 180 205 219 233 275 302 307 323 331 341 370 391 426 440 458
145 186 193 198 214 239 252 321 369 399
9 19 23 48 70 82 138 139 166 182 191 218 240 254 278 318 319 344 355 361 378 434 468 496
14 58 60 73 126 131 153 190 245 336 358 364 382 394
1 16 110 134 188 222 225 226 251 320 338 365 398 457 466
17 93 97 100 106 113 168 189 242 281 310 313 315 325 353 395 459 481
6 11 33 84 88 99 122 154 161 180 194 233 255 267 275 302 309 316 323 331 341 359 370 397 416 417
2 48 64 70 139 166 173 191 192 217 218 221 278 285 318 327 335 344
29 55 61 68 87 135 142 163 187 234 253 260 262 306 396 431 486 490
7 27 105 112 121 125 140 144 175 178 197 230 291 304 305 339 372 374 400 411 414 423 428 480
45 50 76 86 98 152 160 167 209 271 273 330 339 368 372 384 389 411 428 498
40 46 60 73 85 118 176 190 201 241 258 346 402 413 484 487
34 71 137 157 256 263 345 390 403 485 494
7 15 28 77 78 102 114 146 149 208 219 230 237 290 296 299 305 307 374 386 419 424 425 436 458
8 28 56 58 83 128 143 148 229 246 287 358 360 375 405 412 418 424 488 495
47 100 135 155 250 347 396 431
1 16 92 96 110 117 130 147 150 158 188 222 226 259 298 311 326 357 365 445 466 474 489
6 15 102 114 122 146 161 194 205 219 233 275 290 299 302 307 386 417 425 441 454
12 17 21 39 97 111 113 162 168 189 242 265 270 281 310 325 353 446 465 471 481 482
59 75 129 151 159 179 185 205 249 405 420 426 440 473 479 495
35 44 119 184 215 243 272 324 342 351 380 381 410 422 437 478
5 12 39 111 115 130 150 162 200 223 270 274 282 309 311 326 357 433 435 465 482 489
81 108 141 195 303 332 464
81 108 131 141 176 195 210 245 303 332 463
5 12 39 111 115 162 168 220 270 274 281 282 309 310 325 353 416 433 435 459 462 482
30 116 147 188 222 225 226 244 251 320 338 365 398 445 457 474 492
41 49 109 225 236 264 294 320 373 388 432 439
9 19 23 48 70 139 166 182 191 217 218 240 254 278 318 344 361 378 434 443 496
71 91 103 123 156 157 200 207 224 292 293 300 312 342 381 478
41 54 79 104 213 216 228 264 277 407 409 421 439
12 21 39 62 97 113 231 238 242 265 266 279 281 295 310 415 459 482
32 34 62 66 231 238 257 266 269 279 295 363 379 392 403 494
53 59 72 75 129 151 159 164 179 185 249 354 391 420 426 440 460 479
5 30 33 84 99 116 130 147 150 154 158 267 326 341 357 359 366 404 457 466
37 82 101 203 261 268 284 301 308 333 355 361 377 493
48 49 166 173 181 202 217 221 236 294 297 318 327 335 344 388 432 438
4 20 37 49 74 89 133 165 170 171 181 235 236 294 297 318 343 348 367 376 388 406 438 492
35 44 91 92 96 103 119 184 215 243 259 272 298 342 351 380 381 410 422 437 461 469
20 37 53 72 89 159 165 179 185 235 249 354 420 440 460 473
27 45 86 98 112 140 144 160 175 197 271 304 305 339 368 372 389 411 414 423 428 450
17 93 100 106 113 168 183 189 242 281 310 313 315 325 353 395 446 459
12 21 39 111 123 200 207 223 224 265 270 274 281 282 293 310 312 325 433 435 459 462 465 471
10 42 57 120 124 132 136 172 247 276 286 314 383 497
40 46 83 85 118 143 201 241 258 280 402 413 452 487 499
32 34 137 256 263 390 392 403 453 494
55 68 87 142 187 234 260 262 306 449 490 491
40 46 83 85 118 201 241 258 280 346 402 413 452 484 499
8 56 58 126 143 148 153 246 358 360 375 405 418 455 495
5 96 115 130 147 150 158 200 222 223 274 282 298 311 326 357 433 435 457 462
55 68 87 135 142 163 187 234 260 262 306 431 449 486
50 68 87 187 209 330 486
4 49 74 89 165 171 244 251 294 338 348 367 376 398 466 477
13 24 82 101 127 203 247 261 268 284 301 308 317 319 333 352 355 361 377 383 475
32 34 62 71 137 156 231 238 256 257 263 266 279 345 363 379 403 453 472 485
8 56 59 75 148 151 205 219 246 307 360 375 386 405 424 426 455 460 488
9 19 23 48 70 82 133 139 166 170 181 182 191 217 218 221 254 278 318 344 355 361 378 434 443 468
13 24 42 57 101 120 124 127 132 136 172 247 276 286 301 314 383 483
50 76 98 167 209 271 273 330 368 372 384 389 411 451
83 128 143 212 229 280 287 412 418 484 487
3 27 112 121 125 140 271 273 291 304 329 368 411 423 427
